# 2D Histogram Bin Extraction 
#                   
# histogram parameters:  
# ybins      = 8   | ylabel: th_xq_CM [deg] 
# xbins      = 25   | xlabel: phi_xq [deg] 
# ybin width = 5.000 
# xbin width = 14.400 
#                   
# header definitions:
# ib:         (x,y)  bin number 
# xb:         x-axis bin number 
# yb:         y-axis bin number 
# x0:         x-axis central bin value 
# xlow:       x-axis low-edge bin value 
# xup:        x-axis up-edge bin value 
# y0:         y-axis central bin value 
# ylow:       y-axis low-edge bin value 
# yup:        y-axis up-edge bin value 
# zcont:      bin content (z-axis) 
# zcont_err:  bin content error (z-axis) 
#                                        
#! ib[i,0]/  xb[i,1]/  yb[i,2]/  x0[f,3]/  xlow[f,4]/  xup[f,5]/  y0[f,6]/  ylow[f,7]/  yup[f,8]/  zcont[f,9]/  zcont_err[f,10]/  
     28         1         1        -172.8      -180    -165.6         2.5         0           5           4             2
     29         2         1        -158.4    -165.6    -151.2         2.5         0           5           0             0
     30         3         1          -144    -151.2    -136.8         2.5         0           5        2.75          1.75
     31         4         1        -129.6    -136.8    -122.4         2.5         0           5           2       1.41421
     32         5         1        -115.2    -122.4      -108         2.5         0           5           0             0
     33         6         1        -100.8      -108     -93.6         2.5         0           5           1             1
     34         7         1         -86.4     -93.6     -79.2         2.5         0           5           1             1
     35         8         1           -72     -79.2     -64.8         2.5         0           5           1             1
     36         9         1         -57.6     -64.8     -50.4         2.5         0           5           1             1
     37        10         1         -43.2     -50.4       -36         2.5         0           5        0.75       1.03078
     38        11         1         -28.8       -36     -21.6         2.5         0           5           0             0
     39        12         1         -14.4     -21.6      -7.2         2.5         0           5           0             0
     40        13         1   1.42109e-14      -7.2       7.2         2.5         0           5           0             0
     41        14         1          14.4       7.2      21.6         2.5         0           5           0             0
     42        15         1          28.8      21.6        36         2.5         0           5           0             0
     43        16         1          43.2        36      50.4         2.5         0           5           3       1.73205
     44        17         1          57.6      50.4      64.8         2.5         0           5           2       1.41421
     45        18         1            72      64.8      79.2         2.5         0           5           1             1
     46        19         1          86.4      79.2      93.6         2.5         0           5           1             1
     47        20         1         100.8      93.6       108         2.5         0           5           1             1
     48        21         1         115.2       108     122.4         2.5         0           5        2.75          1.75
     49        22         1         129.6     122.4     136.8         2.5         0           5        1.75       1.43614
     50        23         1           144     136.8     151.2         2.5         0           5           2       1.41421
     51        24         1         158.4     151.2     165.6         2.5         0           5        2.75          1.75
     52        25         1         172.8     165.6       180         2.5         0           5           3       1.73205
     55         1         2        -172.8      -180    -165.6         7.5         5          10          20       4.47214
     56         2         2        -158.4    -165.6    -151.2         7.5         5          10          23       4.92443
     57         3         2          -144    -151.2    -136.8         7.5         5          10       21.25       4.71036
     58         4         2        -129.6    -136.8    -122.4         7.5         5          10       14.75       3.88104
     59         5         2        -115.2    -122.4      -108         7.5         5          10       13.75          3.75
     60         6         2        -100.8      -108     -93.6         7.5         5          10        5.75       2.46221
     61         7         2         -86.4     -93.6     -79.2         7.5         5          10           5       2.23607
     62         8         2           -72     -79.2     -64.8         7.5         5          10           2       1.41421
     63         9         2         -57.6     -64.8     -50.4         7.5         5          10           0             0
     64        10         2         -43.2     -50.4       -36         7.5         5          10           1             1
     65        11         2         -28.8       -36     -21.6         7.5         5          10           0             0
     66        12         2         -14.4     -21.6      -7.2         7.5         5          10           0             0
     67        13         2   1.42109e-14      -7.2       7.2         7.5         5          10           0             0
     68        14         2          14.4       7.2      21.6         7.5         5          10           0             0
     69        15         2          28.8      21.6        36         7.5         5          10           1             1
     70        16         2          43.2        36      50.4         7.5         5          10           0             0
     71        17         2          57.6      50.4      64.8         7.5         5          10        0.75       1.03078
     72        18         2            72      64.8      79.2         7.5         5          10           1             1
     73        19         2          86.4      79.2      93.6         7.5         5          10        3.75       2.01556
     74        20         2         100.8      93.6       108         7.5         5          10           6       2.44949
     75        21         2         115.2       108     122.4         7.5         5          10         9.5       3.18198
     76        22         2         129.6     122.4     136.8         7.5         5          10       16.75       4.13068
     77        23         2           144     136.8     151.2         7.5         5          10        19.5       4.48609
     78        24         2         158.4     151.2     165.6         7.5         5          10       21.25       4.71036
     79        25         2         172.8     165.6       180         7.5         5          10        14.5       3.88909
     82         1         3        -172.8      -180    -165.6        12.5        10          15        44.5       6.80992
     83         2         3        -158.4    -165.6    -151.2        12.5        10          15        60.5       7.89778
     84         3         3          -144    -151.2    -136.8        12.5        10          15       49.75       7.16327
     85         4         3        -129.6    -136.8    -122.4        12.5        10          15       24.75       5.12957
     86         5         3        -115.2    -122.4      -108        12.5        10          15          21       4.71699
     87         6         3        -100.8      -108     -93.6        12.5        10          15       13.75          3.75
     88         7         3         -86.4     -93.6     -79.2        12.5        10          15           6       2.44949
     89         8         3           -72     -79.2     -64.8        12.5        10          15           2       1.41421
     90         9         3         -57.6     -64.8     -50.4        12.5        10          15           0             0
     91        10         3         -43.2     -50.4       -36        12.5        10          15           0             0
     92        11         3         -28.8       -36     -21.6        12.5        10          15           0             0
     93        12         3         -14.4     -21.6      -7.2        12.5        10          15           0             0
     94        13         3   1.42109e-14      -7.2       7.2        12.5        10          15           0             0
     95        14         3          14.4       7.2      21.6        12.5        10          15           0             0
     96        15         3          28.8      21.6        36        12.5        10          15           0             0
     97        16         3          43.2        36      50.4        12.5        10          15           0             0
     98        17         3          57.6      50.4      64.8        12.5        10          15       -0.25          0.25
     99        18         3            72      64.8      79.2        12.5        10          15           0             0
    100        19         3          86.4      79.2      93.6        12.5        10          15        1.75       1.43614
    101        20         3         100.8      93.6       108        12.5        10          15       15.75        4.0078
    102        21         3         115.2       108     122.4        12.5        10          15       25.75       5.22614
    103        22         3         129.6     122.4     136.8        12.5        10          15       45.75       6.78694
    104        23         3           144     136.8     151.2        12.5        10          15       41.25       6.68487
    105        24         3         158.4     151.2     165.6        12.5        10          15       55.75       7.48749
    106        25         3         172.8     165.6       180        12.5        10          15        52.5       7.37394
    109         1         4        -172.8      -180    -165.6        17.5        15          20          61       7.88987
    110         2         4        -158.4    -165.6    -151.2        17.5        15          20          59       7.76209
    111         3         4          -144    -151.2    -136.8        17.5        15          20        63.5       8.08548
    112         4         4        -129.6    -136.8    -122.4        17.5        15          20       83.25       9.17537
    113         5         4        -115.2    -122.4      -108        17.5        15          20       57.25       7.62807
    114         6         4        -100.8      -108     -93.6        17.5        15          20        21.5       4.70372
    115         7         4         -86.4     -93.6     -79.2        17.5        15          20          10       3.16228
    116         8         4           -72     -79.2     -64.8        17.5        15          20           0             0
    117         9         4         -57.6     -64.8     -50.4        17.5        15          20           0             0
    118        10         4         -43.2     -50.4       -36        17.5        15          20           0             0
    119        11         4         -28.8       -36     -21.6        17.5        15          20           0             0
    120        12         4         -14.4     -21.6      -7.2        17.5        15          20           0             0
    121        13         4   1.42109e-14      -7.2       7.2        17.5        15          20           0             0
    122        14         4          14.4       7.2      21.6        17.5        15          20           0             0
    123        15         4          28.8      21.6        36        17.5        15          20           0             0
    124        16         4          43.2        36      50.4        17.5        15          20           0             0
    125        17         4          57.6      50.4      64.8        17.5        15          20           0             0
    126        18         4            72      64.8      79.2        17.5        15          20           0             0
    127        19         4          86.4      79.2      93.6        17.5        15          20           7       2.64575
    128        20         4         100.8      93.6       108        17.5        15          20       28.25       5.40255
    129        21         4         115.2       108     122.4        17.5        15          20          36       6.10328
    130        22         4         129.6     122.4     136.8        17.5        15          20        57.5       7.70552
    131        23         4           144     136.8     151.2        17.5        15          20       66.25        8.1968
    132        24         4         158.4     151.2     165.6        17.5        15          20        61.5       7.88194
    133        25         4         172.8     165.6       180        17.5        15          20        45.5       6.88295
    136         1         5        -172.8      -180    -165.6        22.5        20          25       41.75       6.48556
    137         2         5        -158.4    -165.6    -151.2        22.5        20          25       57.25       7.62807
    138         3         5          -144    -151.2    -136.8        22.5        20          25          62       7.95299
    139         4         5        -129.6    -136.8    -122.4        22.5        20          25        48.5       7.18505
    140         5         5        -115.2    -122.4      -108        22.5        20          25        41.5       6.58597
    141         6         5        -100.8      -108     -93.6        22.5        20          25       22.25       4.81534
    142         7         5         -86.4     -93.6     -79.2        22.5        20          25           5       2.23607
    143         8         5           -72     -79.2     -64.8        22.5        20          25           1             1
    144         9         5         -57.6     -64.8     -50.4        22.5        20          25           0             0
    145        10         5         -43.2     -50.4       -36        22.5        20          25           0             0
    146        11         5         -28.8       -36     -21.6        22.5        20          25           0             0
    147        12         5         -14.4     -21.6      -7.2        22.5        20          25           0             0
    148        13         5   1.42109e-14      -7.2       7.2        22.5        20          25           0             0
    149        14         5          14.4       7.2      21.6        22.5        20          25           0             0
    150        15         5          28.8      21.6        36        22.5        20          25           0             0
    151        16         5          43.2        36      50.4        22.5        20          25           0             0
    152        17         5          57.6      50.4      64.8        22.5        20          25           0             0
    153        18         5            72      64.8      79.2        22.5        20          25           0             0
    154        19         5          86.4      79.2      93.6        22.5        20          25        9.25       3.19179
    155        20         5         100.8      93.6       108        22.5        20          25          21       4.71699
    156        21         5         115.2       108     122.4        22.5        20          25        46.5       6.86477
    157        22         5         129.6     122.4     136.8        22.5        20          25       61.75       8.03508
    158        23         5           144     136.8     151.2        22.5        20          25          49       7.08872
    159        24         5         158.4     151.2     165.6        22.5        20          25          54       7.43303
    160        25         5         172.8     165.6       180        22.5        20          25       53.25       7.36122
    163         1         6        -172.8      -180    -165.6        27.5        25          30       20.25       4.60299
    164         2         6        -158.4    -165.6    -151.2        27.5        25          30          29       5.38516
    165         3         6          -144    -151.2    -136.8        27.5        25          30        38.5         6.255
    166         4         6        -129.6    -136.8    -122.4        27.5        25          30        44.5       6.80992
    167         5         6        -115.2    -122.4      -108        27.5        25          30       47.25       7.03118
    168         6         6        -100.8      -108     -93.6        27.5        25          30       19.25       4.49305
    169         7         6         -86.4     -93.6     -79.2        27.5        25          30        5.75       2.46221
    170         8         6           -72     -79.2     -64.8        27.5        25          30           0             0
    171         9         6         -57.6     -64.8     -50.4        27.5        25          30           0             0
    172        10         6         -43.2     -50.4       -36        27.5        25          30           0             0
    173        11         6         -28.8       -36     -21.6        27.5        25          30           0             0
    174        12         6         -14.4     -21.6      -7.2        27.5        25          30           0             0
    175        13         6   1.42109e-14      -7.2       7.2        27.5        25          30           0             0
    176        14         6          14.4       7.2      21.6        27.5        25          30           0             0
    177        15         6          28.8      21.6        36        27.5        25          30           0             0
    178        16         6          43.2        36      50.4        27.5        25          30           0             0
    179        17         6          57.6      50.4      64.8        27.5        25          30           0             0
    180        18         6            72      64.8      79.2        27.5        25          30           1             1
    181        19         6          86.4      79.2      93.6        27.5        25          30        5.75       2.46221
    182        20         6         100.8      93.6       108        27.5        25          30       21.75        4.8283
    183        21         6         115.2       108     122.4        27.5        25          30          39       6.34429
    184        22         6         129.6     122.4     136.8        27.5        25          30        30.5       5.57898
    185        23         6           144     136.8     151.2        27.5        25          30       33.75       5.83631
    186        24         6         158.4     151.2     165.6        27.5        25          30       21.75       4.69707
    187        25         6         172.8     165.6       180        27.5        25          30       19.75       4.47912
    190         1         7        -172.8      -180    -165.6        32.5        30          35          11       3.31662
    191         2         7        -158.4    -165.6    -151.2        32.5        30          35           8       2.82843
    192         3         7          -144    -151.2    -136.8        32.5        30          35       14.75       3.88104
    193         4         7        -129.6    -136.8    -122.4        32.5        30          35       22.25       4.81534
    194         5         7        -115.2    -122.4      -108        32.5        30          35          28       5.40833
    195         6         7        -100.8      -108     -93.6        32.5        30          35       21.25       4.84123
    196         7         7         -86.4     -93.6     -79.2        32.5        30          35        1.25       1.47902
    197         8         7           -72     -79.2     -64.8        32.5        30          35           0             0
    198         9         7         -57.6     -64.8     -50.4        32.5        30          35           0             0
    199        10         7         -43.2     -50.4       -36        32.5        30          35           0             0
    200        11         7         -28.8       -36     -21.6        32.5        30          35           0             0
    201        12         7         -14.4     -21.6      -7.2        32.5        30          35           0             0
    202        13         7   1.42109e-14      -7.2       7.2        32.5        30          35           0             0
    203        14         7          14.4       7.2      21.6        32.5        30          35           0             0
    204        15         7          28.8      21.6        36        32.5        30          35           0             0
    205        16         7          43.2        36      50.4        32.5        30          35           0             0
    206        17         7          57.6      50.4      64.8        32.5        30          35           0             0
    207        18         7            72      64.8      79.2        32.5        30          35           0             0
    208        19         7          86.4      79.2      93.6        32.5        30          35           2       1.41421
    209        20         7         100.8      93.6       108        32.5        30          35          11       3.31662
    210        21         7         115.2       108     122.4        32.5        30          35          30       5.59017
    211        22         7         129.6     122.4     136.8        32.5        30          35       19.75       4.47912
    212        23         7           144     136.8     151.2        32.5        30          35          14       3.74166
    213        24         7         158.4     151.2     165.6        32.5        30          35           8       2.82843
    214        25         7         172.8     165.6       180        32.5        30          35        10.5       3.33542
    217         1         8        -172.8      -180    -165.6        37.5        35          40           1             1
    218         2         8        -158.4    -165.6    -151.2        37.5        35          40           1             1
    219         3         8          -144    -151.2    -136.8        37.5        35          40           3       1.73205
    220         4         8        -129.6    -136.8    -122.4        37.5        35          40         6.5       2.66927
    221         5         8        -115.2    -122.4      -108        37.5        35          40        7.75       2.83945
    222         6         8        -100.8      -108     -93.6        37.5        35          40       15.75        4.0078
    223         7         8         -86.4     -93.6     -79.2        37.5        35          40           1             1
    224         8         8           -72     -79.2     -64.8        37.5        35          40           0             0
    225         9         8         -57.6     -64.8     -50.4        37.5        35          40           0             0
    226        10         8         -43.2     -50.4       -36        37.5        35          40           0             0
    227        11         8         -28.8       -36     -21.6        37.5        35          40           0             0
    228        12         8         -14.4     -21.6      -7.2        37.5        35          40           0             0
    229        13         8   1.42109e-14      -7.2       7.2        37.5        35          40           0             0
    230        14         8          14.4       7.2      21.6        37.5        35          40           0             0
    231        15         8          28.8      21.6        36        37.5        35          40           0             0
    232        16         8          43.2        36      50.4        37.5        35          40           0             0
    233        17         8          57.6      50.4      64.8        37.5        35          40           0             0
    234        18         8            72      64.8      79.2        37.5        35          40           0             0
    235        19         8          86.4      79.2      93.6        37.5        35          40       -0.25          0.25
    236        20         8         100.8      93.6       108        37.5        35          40        1.75       1.43614
    237        21         8         115.2       108     122.4        37.5        35          40           6       2.69258
    238        22         8         129.6     122.4     136.8        37.5        35          40           3       1.73205
    239        23         8           144     136.8     151.2        37.5        35          40           2       1.41421
    240        24         8         158.4     151.2     165.6        37.5        35          40           0             0
    241        25         8         172.8     165.6       180        37.5        35          40           0             0
