# 2D Histogram Bin Extraction 
#                   
# histogram parameters:  
# ybins      = 8   | ylabel: th_xq_CM [deg] 
# xbins      = 25   | xlabel: phi_xq [deg] 
# ybin width = 5.000 
# xbin width = 14.400 
#                   
# header definitions:
# ib:         (x,y)  bin number 
# xb:         x-axis bin number 
# yb:         y-axis bin number 
# x0:         x-axis central bin value 
# xlow:       x-axis low-edge bin value 
# xup:        x-axis up-edge bin value 
# y0:         y-axis central bin value 
# ylow:       y-axis low-edge bin value 
# yup:        y-axis up-edge bin value 
# zcont:      bin content (z-axis) 
# zcont_err:  bin content error (z-axis) 
#                                        
#! ib[i,0]/  xb[i,1]/  yb[i,2]/  x0[f,3]/  xlow[f,4]/  xup[f,5]/  y0[f,6]/  ylow[f,7]/  yup[f,8]/  zcont[f,9]/  zcont_err[f,10]/  
     28         1         1        -172.8      -180    -165.6         2.5         0           5        0.75       1.03078
     29         2         1        -158.4    -165.6    -151.2         2.5         0           5           0             0
     30         3         1          -144    -151.2    -136.8         2.5         0           5        0.75       1.03078
     31         4         1        -129.6    -136.8    -122.4         2.5         0           5           0             0
     32         5         1        -115.2    -122.4      -108         2.5         0           5           3       1.73205
     33         6         1        -100.8      -108     -93.6         2.5         0           5        5.75       2.46221
     34         7         1         -86.4     -93.6     -79.2         2.5         0           5        8.25       3.03109
     35         8         1           -72     -79.2     -64.8         2.5         0           5        14.5        4.0466
     36         9         1         -57.6     -64.8     -50.4         2.5         0           5       14.75       4.19076
     37        10         1         -43.2     -50.4       -36         2.5         0           5          40       6.42262
     38        11         1         -28.8       -36     -21.6         2.5         0           5       36.75       6.28987
     39        12         1         -14.4     -21.6      -7.2         2.5         0           5          44             7
     40        13         1   1.42109e-14      -7.2       7.2         2.5         0           5          42       6.76387
     41        14         1          14.4       7.2      21.6         2.5         0           5       34.75       6.22997
     42        15         1          28.8      21.6        36         2.5         0           5       29.75       5.81485
     43        16         1          43.2        36      50.4         2.5         0           5        28.5       5.73367
     44        17         1          57.6      50.4      64.8         2.5         0           5       18.75       4.50694
     45        18         1            72      64.8      79.2         2.5         0           5          16       4.15331
     46        19         1          86.4      79.2      93.6         2.5         0           5       11.25       3.49106
     47        20         1         100.8      93.6       108         2.5         0           5        1.25       1.47902
     48        21         1         115.2       108     122.4         2.5         0           5           3       1.73205
     49        22         1         129.6     122.4     136.8         2.5         0           5         4.5       2.26385
     50        23         1           144     136.8     151.2         2.5         0           5           2       1.41421
     51        24         1         158.4     151.2     165.6         2.5         0           5           4             2
     52        25         1         172.8     165.6       180         2.5         0           5        1.75       1.43614
     55         1         2        -172.8      -180    -165.6         7.5         5          10           1             1
     56         2         2        -158.4    -165.6    -151.2         7.5         5          10           0             0
     57         3         2          -144    -151.2    -136.8         7.5         5          10           0             0
     58         4         2        -129.6    -136.8    -122.4         7.5         5          10           0             0
     59         5         2        -115.2    -122.4      -108         7.5         5          10       -0.75      0.433013
     60         6         2        -100.8      -108     -93.6         7.5         5          10        3.75       2.01556
     61         7         2         -86.4     -93.6     -79.2         7.5         5          10       13.25       3.92906
     62         8         2           -72     -79.2     -64.8         7.5         5          10        42.5       6.84653
     63         9         2         -57.6     -64.8     -50.4         7.5         5          10       103.5       10.7413
     64        10         2         -43.2     -50.4       -36         7.5         5          10       168.5       13.7976
     65        11         2         -28.8       -36     -21.6         7.5         5          10      231.75       16.2654
     66        12         2         -14.4     -21.6      -7.2         7.5         5          10      251.75       17.2355
     67        13         2   1.42109e-14      -7.2       7.2         7.5         5          10      283.75       18.1745
     68        14         2          14.4       7.2      21.6         7.5         5          10      252.25       17.1592
     69        15         2          28.8      21.6        36         7.5         5          10       253.5        16.856
     70        16         2          43.2        36      50.4         7.5         5          10       147.5        12.918
     71        17         2          57.6      50.4      64.8         7.5         5          10        95.5       10.3622
     72        18         2            72      64.8      79.2         7.5         5          10       51.75       7.47078
     73        19         2          86.4      79.2      93.6         7.5         5          10        11.5       3.65718
     74        20         2         100.8      93.6       108         7.5         5          10           8       3.04138
     75        21         2         115.2       108     122.4         7.5         5          10        -0.5      0.353553
     76        22         2         129.6     122.4     136.8         7.5         5          10           1             1
     77        23         2           144     136.8     151.2         7.5         5          10        0.75       1.03078
     78        24         2         158.4     151.2     165.6         7.5         5          10           0             0
     79        25         2         172.8     165.6       180         7.5         5          10           1             1
     82         1         3        -172.8      -180    -165.6        12.5        10          15           0             0
     83         2         3        -158.4    -165.6    -151.2        12.5        10          15       -0.25          0.25
     84         3         3          -144    -151.2    -136.8        12.5        10          15       -0.25          0.25
     85         4         3        -129.6    -136.8    -122.4        12.5        10          15        0.75       1.03078
     86         5         3        -115.2    -122.4      -108        12.5        10          15       -0.25          0.25
     87         6         3        -100.8      -108     -93.6        12.5        10          15         0.5       1.06066
     88         7         3         -86.4     -93.6     -79.2        12.5        10          15        2.25       1.78536
     89         8         3           -72     -79.2     -64.8        12.5        10          15       37.25       6.57172
     90         9         3         -57.6     -64.8     -50.4        12.5        10          15         165       13.5093
     91        10         3         -43.2     -50.4       -36        12.5        10          15      347.25       20.2037
     92        11         3         -28.8       -36     -21.6        12.5        10          15         533       25.5049
     93        12         3         -14.4     -21.6      -7.2        12.5        10          15         546       27.1983
     94        13         3   1.42109e-14      -7.2       7.2        12.5        10          15       608.5       28.2245
     95        14         3          14.4       7.2      21.6        12.5        10          15       554.5       26.5777
     96        15         3          28.8      21.6        36        12.5        10          15      410.75       22.9905
     97        16         3          43.2        36      50.4        12.5        10          15      259.25       17.8938
     98        17         3          57.6      50.4      64.8        12.5        10          15      136.75       12.6812
     99        18         3            72      64.8      79.2        12.5        10          15       42.75       7.19809
    100        19         3          86.4      79.2      93.6        12.5        10          15        10.5       3.33542
    101        20         3         100.8      93.6       108        12.5        10          15        1.25       1.47902
    102        21         3         115.2       108     122.4        12.5        10          15        -0.5      0.353553
    103        22         3         129.6     122.4     136.8        12.5        10          15           0             0
    104        23         3           144     136.8     151.2        12.5        10          15           0             0
    105        24         3         158.4     151.2     165.6        12.5        10          15        0.75       1.03078
    106        25         3         172.8     165.6       180        12.5        10          15        -0.5      0.353553
    109         1         4        -172.8      -180    -165.6        17.5        15          20           0             0
    110         2         4        -158.4    -165.6    -151.2        17.5        15          20           0             0
    111         3         4          -144    -151.2    -136.8        17.5        15          20           1             1
    112         4         4        -129.6    -136.8    -122.4        17.5        15          20       -0.25          0.25
    113         5         4        -115.2    -122.4      -108        17.5        15          20       -0.25          0.25
    114         6         4        -100.8      -108     -93.6        17.5        15          20         0.5       1.06066
    115         7         4         -86.4     -93.6     -79.2        17.5        15          20        0.75       1.03078
    116         8         4           -72     -79.2     -64.8        17.5        15          20        13.5        3.9211
    117         9         4         -57.6     -64.8     -50.4        17.5        15          20       98.75       10.9116
    118        10         4         -43.2     -50.4       -36        17.5        15          20         266       19.1638
    119        11         4         -28.8       -36     -21.6        17.5        15          20      449.25       25.3019
    120        12         4         -14.4     -21.6      -7.2        17.5        15          20         472       27.1708
    121        13         4   1.42109e-14      -7.2       7.2        17.5        15          20         481       27.4044
    122        14         4          14.4       7.2      21.6        17.5        15          20       423.5       25.7221
    123        15         4          28.8      21.6        36        17.5        15          20      374.75       23.6392
    124        16         4          43.2        36      50.4        17.5        15          20         219       17.0734
    125        17         4          57.6      50.4      64.8        17.5        15          20          70       9.68246
    126        18         4            72      64.8      79.2        17.5        15          20       10.25       3.69966
    127        19         4          86.4      79.2      93.6        17.5        15          20       -0.25          0.25
    128        20         4         100.8      93.6       108        17.5        15          20           3       1.73205
    129        21         4         115.2       108     122.4        17.5        15          20           1             1
    130        22         4         129.6     122.4     136.8        17.5        15          20           0             0
    131        23         4           144     136.8     151.2        17.5        15          20           0             0
    132        24         4         158.4     151.2     165.6        17.5        15          20           0             0
    133        25         4         172.8     165.6       180        17.5        15          20           0             0
    136         1         5        -172.8      -180    -165.6        22.5        20          25           0             0
    137         2         5        -158.4    -165.6    -151.2        22.5        20          25           0             0
    138         3         5          -144    -151.2    -136.8        22.5        20          25       -0.25          0.25
    139         4         5        -129.6    -136.8    -122.4        22.5        20          25           0             0
    140         5         5        -115.2    -122.4      -108        22.5        20          25           0             0
    141         6         5        -100.8      -108     -93.6        22.5        20          25        -0.5      0.353553
    142         7         5         -86.4     -93.6     -79.2        22.5        20          25        0.75       1.03078
    143         8         5           -72     -79.2     -64.8        22.5        20          25        1.25       1.47902
    144         9         5         -57.6     -64.8     -50.4        22.5        20          25        23.5       5.51135
    145        10         5         -43.2     -50.4       -36        22.5        20          25       129.5       14.2785
    146        11         5         -28.8       -36     -21.6        22.5        20          25      194.75       18.5084
    147        12         5         -14.4     -21.6      -7.2        22.5        20          25      222.75        19.185
    148        13         5   1.42109e-14      -7.2       7.2        22.5        20          25      152.25       17.6263
    149        14         5          14.4       7.2      21.6        22.5        20          25       170.5       17.9896
    150        15         5          28.8      21.6        36        22.5        20          25      171.75       17.4159
    151        16         5          43.2        36      50.4        22.5        20          25        89.5       12.1501
    152        17         5          57.6      50.4      64.8        22.5        20          25       19.75       5.36773
    153        18         5            72      64.8      79.2        22.5        20          25           1           1.5
    154        19         5          86.4      79.2      93.6        22.5        20          25        0.75       1.03078
    155        20         5         100.8      93.6       108        22.5        20          25           1             1
    156        21         5         115.2       108     122.4        22.5        20          25           0             0
    157        22         5         129.6     122.4     136.8        22.5        20          25           0             0
    158        23         5           144     136.8     151.2        22.5        20          25           0             0
    159        24         5         158.4     151.2     165.6        22.5        20          25           0             0
    160        25         5         172.8     165.6       180        22.5        20          25           0             0
    163         1         6        -172.8      -180    -165.6        27.5        25          30           0             0
    164         2         6        -158.4    -165.6    -151.2        27.5        25          30           0             0
    165         3         6          -144    -151.2    -136.8        27.5        25          30           0             0
    166         4         6        -129.6    -136.8    -122.4        27.5        25          30           0             0
    167         5         6        -115.2    -122.4      -108        27.5        25          30           0             0
    168         6         6        -100.8      -108     -93.6        27.5        25          30           0             0
    169         7         6         -86.4     -93.6     -79.2        27.5        25          30           0             0
    170         8         6           -72     -79.2     -64.8        27.5        25          30           0             0
    171         9         6         -57.6     -64.8     -50.4        27.5        25          30           0       1.11803
    172        10         6         -43.2     -50.4       -36        27.5        25          30          22       6.08276
    173        11         6         -28.8       -36     -21.6        27.5        25          30        34.5       8.81051
    174        12         6         -14.4     -21.6      -7.2        27.5        25          30          34        9.0967
    175        13         6   1.42109e-14      -7.2       7.2        27.5        25          30       29.75       8.44467
    176        14         6          14.4       7.2      21.6        27.5        25          30          28       8.76071
    177        15         6          28.8      21.6        36        27.5        25          30        57.5       10.2774
    178        16         6          43.2        36      50.4        27.5        25          30        23.5        6.5479
    179        17         6          57.6      50.4      64.8        27.5        25          30        1.25       1.47902
    180        18         6            72      64.8      79.2        27.5        25          30        0.25       1.08972
    181        19         6          86.4      79.2      93.6        27.5        25          30           0             0
    182        20         6         100.8      93.6       108        27.5        25          30       -0.25          0.25
    183        21         6         115.2       108     122.4        27.5        25          30           0             0
    184        22         6         129.6     122.4     136.8        27.5        25          30           0             0
    185        23         6           144     136.8     151.2        27.5        25          30       -0.25          0.25
    186        24         6         158.4     151.2     165.6        27.5        25          30       -0.25          0.25
    187        25         6         172.8     165.6       180        27.5        25          30           0             0
    190         1         7        -172.8      -180    -165.6        32.5        30          35           0             0
    191         2         7        -158.4    -165.6    -151.2        32.5        30          35           0             0
    192         3         7          -144    -151.2    -136.8        32.5        30          35           0             0
    193         4         7        -129.6    -136.8    -122.4        32.5        30          35           0             0
    194         5         7        -115.2    -122.4      -108        32.5        30          35           0             0
    195         6         7        -100.8      -108     -93.6        32.5        30          35           0             0
    196         7         7         -86.4     -93.6     -79.2        32.5        30          35           0             0
    197         8         7           -72     -79.2     -64.8        32.5        30          35       -0.25          0.25
    198         9         7         -57.6     -64.8     -50.4        32.5        30          35       -0.25          0.25
    199        10         7         -43.2     -50.4       -36        32.5        30          35       -0.25          0.25
    200        11         7         -28.8       -36     -21.6        32.5        30          35         0.5        1.5411
    201        12         7         -14.4     -21.6      -7.2        32.5        30          35         2.5       2.09165
    202        13         7   1.42109e-14      -7.2       7.2        32.5        30          35        1.75       1.43614
    203        14         7          14.4       7.2      21.6        32.5        30          35        3.75       2.56174
    204        15         7          28.8      21.6        36        32.5        30          35           1       2.17945
    205        16         7          43.2        36      50.4        32.5        30          35       -0.25       1.60078
    206        17         7          57.6      50.4      64.8        32.5        30          35       -0.75      0.433013
    207        18         7            72      64.8      79.2        32.5        30          35           1             1
    208        19         7          86.4      79.2      93.6        32.5        30          35       -0.25          0.25
    209        20         7         100.8      93.6       108        32.5        30          35       -0.25          0.25
    210        21         7         115.2       108     122.4        32.5        30          35           0             0
    211        22         7         129.6     122.4     136.8        32.5        30          35           0             0
    212        23         7           144     136.8     151.2        32.5        30          35           0             0
    213        24         7         158.4     151.2     165.6        32.5        30          35           0             0
    214        25         7         172.8     165.6       180        32.5        30          35           0             0
    217         1         8        -172.8      -180    -165.6        37.5        35          40           0             0
    218         2         8        -158.4    -165.6    -151.2        37.5        35          40           0             0
    219         3         8          -144    -151.2    -136.8        37.5        35          40           0             0
    220         4         8        -129.6    -136.8    -122.4        37.5        35          40           0             0
    221         5         8        -115.2    -122.4      -108        37.5        35          40           0             0
    222         6         8        -100.8      -108     -93.6        37.5        35          40           0             0
    223         7         8         -86.4     -93.6     -79.2        37.5        35          40           0             0
    224         8         8           -72     -79.2     -64.8        37.5        35          40           0             0
    225         9         8         -57.6     -64.8     -50.4        37.5        35          40           0             0
    226        10         8         -43.2     -50.4       -36        37.5        35          40           0             0
    227        11         8         -28.8       -36     -21.6        37.5        35          40           0             0
    228        12         8         -14.4     -21.6      -7.2        37.5        35          40           2       1.41421
    229        13         8   1.42109e-14      -7.2       7.2        37.5        35          40           0             0
    230        14         8          14.4       7.2      21.6        37.5        35          40        0.25       1.08972
    231        15         8          28.8      21.6        36        37.5        35          40        0.25       1.08972
    232        16         8          43.2        36      50.4        37.5        35          40        1.75       1.43614
    233        17         8          57.6      50.4      64.8        37.5        35          40         0.5       1.06066
    234        18         8            72      64.8      79.2        37.5        35          40           0             0
    235        19         8          86.4      79.2      93.6        37.5        35          40           1             1
    236        20         8         100.8      93.6       108        37.5        35          40           0             0
    237        21         8         115.2       108     122.4        37.5        35          40           0             0
    238        22         8         129.6     122.4     136.8        37.5        35          40           0             0
    239        23         8           144     136.8     151.2        37.5        35          40           0             0
    240        24         8         158.4     151.2     165.6        37.5        35          40           0             0
    241        25         8         172.8     165.6       180        37.5        35          40           0             0
