# 2D Histogram Bin Extraction 
#                   
# histogram parameters:  
# ybins      = 8   | ylabel: th_xq_CM [deg] 
# xbins      = 25   | xlabel: phi_xq [deg] 
# ybin width = 5.000 
# xbin width = 14.400 
#                   
# header definitions:
# ib:         (x,y)  bin number 
# xb:         x-axis bin number 
# yb:         y-axis bin number 
# x0:         x-axis central bin value 
# xlow:       x-axis low-edge bin value 
# xup:        x-axis up-edge bin value 
# y0:         y-axis central bin value 
# ylow:       y-axis low-edge bin value 
# yup:        y-axis up-edge bin value 
# zcont:      bin content (z-axis) 
# zcont_err:  bin content error (z-axis) 
#                                        
#! ib[i,0]/  xb[i,1]/  yb[i,2]/  x0[f,3]/  xlow[f,4]/  xup[f,5]/  y0[f,6]/  ylow[f,7]/  yup[f,8]/  zcont[f,9]/  zcont_err[f,10]/  
     28         1         1        -172.8      -180    -165.6         2.5         0           5       12.75       3.61421
     29         2         1        -158.4    -165.6    -151.2         2.5         0           5          11           3.5
     30         3         1          -144    -151.2    -136.8         2.5         0           5        16.5       4.13824
     31         4         1        -129.6    -136.8    -122.4         2.5         0           5          24       4.89898
     32         5         1        -115.2    -122.4      -108         2.5         0           5       31.75       5.66238
     33         6         1        -100.8      -108     -93.6         2.5         0           5       53.75       7.43724
     34         7         1         -86.4     -93.6     -79.2         2.5         0           5       75.75       8.86355
     35         8         1           -72     -79.2     -64.8         2.5         0           5         155       12.6491
     36         9         1         -57.6     -64.8     -50.4         2.5         0           5       224.5        15.293
     37        10         1         -43.2     -50.4       -36         2.5         0           5       311.5       17.9826
     38        11         1         -28.8       -36     -21.6         2.5         0           5         418       20.6882
     39        12         1         -14.4     -21.6      -7.2         2.5         0           5       421.5       20.8776
     40        13         1   1.42109e-14      -7.2       7.2         2.5         0           5      408.25       20.4741
     41        14         1          14.4       7.2      21.6         2.5         0           5         434       21.1009
     42        15         1          28.8      21.6        36         2.5         0           5       379.5       19.7199
     43        16         1          43.2        36      50.4         2.5         0           5      293.75       17.2934
     44        17         1          57.6      50.4      64.8         2.5         0           5       212.5       14.7691
     45        18         1            72      64.8      79.2         2.5         0           5      137.75       11.8559
     46        19         1          86.4      79.2      93.6         2.5         0           5      110.75       10.6566
     47        20         1         100.8      93.6       108         2.5         0           5          63       8.09321
     48        21         1         115.2       108     122.4         2.5         0           5       37.25        6.1796
     49        22         1         129.6     122.4     136.8         2.5         0           5          19        4.3589
     50        23         1           144     136.8     151.2         2.5         0           5          13       3.77492
     51        24         1         158.4     151.2     165.6         2.5         0           5         6.5       2.66927
     52        25         1         172.8     165.6       180         2.5         0           5        15.5       4.01559
     55         1         2        -172.8      -180    -165.6         7.5         5          10           0             0
     56         2         2        -158.4    -165.6    -151.2         7.5         5          10        0.75       1.03078
     57         3         2          -144    -151.2    -136.8         7.5         5          10        1.75       1.43614
     58         4         2        -129.6    -136.8    -122.4         7.5         5          10        0.75       1.03078
     59         5         2        -115.2    -122.4      -108         7.5         5          10           2       1.41421
     60         6         2        -100.8      -108     -93.6         7.5         5          10       27.25       5.30919
     61         7         2         -86.4     -93.6     -79.2         7.5         5          10       115.5       10.9487
     62         8         2           -72     -79.2     -64.8         7.5         5          10         409       20.4389
     63         9         2         -57.6     -64.8     -50.4         7.5         5          10         806       28.7185
     64        10         2         -43.2     -50.4       -36         7.5         5          10     1328.25       37.0532
     65        11         2         -28.8       -36     -21.6         7.5         5          10     1711.25       42.1567
     66        12         2         -14.4     -21.6      -7.2         7.5         5          10      2010.5       45.6604
     67        13         2   1.42109e-14      -7.2       7.2         7.5         5          10     2019.75       45.8401
     68        14         2          14.4       7.2      21.6         7.5         5          10     1857.25       43.9396
     69        15         2          28.8      21.6        36         7.5         5          10     1587.75       40.5809
     70        16         2          43.2        36      50.4         7.5         5          10     1102.75       33.7537
     71        17         2          57.6      50.4      64.8         7.5         5          10       637.5       25.5808
     72        18         2            72      64.8      79.2         7.5         5          10         322       18.1865
     73        19         2          86.4      79.2      93.6         7.5         5          10      123.75       11.3054
     74        20         2         100.8      93.6       108         7.5         5          10          27       5.31507
     75        21         2         115.2       108     122.4         7.5         5          10        13.5       3.75832
     76        22         2         129.6     122.4     136.8         7.5         5          10        2.75          1.75
     77        23         2           144     136.8     151.2         7.5         5          10        2.75          1.75
     78        24         2         158.4     151.2     165.6         7.5         5          10           1             1
     79        25         2         172.8     165.6       180         7.5         5          10           0             0
     82         1         3        -172.8      -180    -165.6        12.5        10          15           0             0
     83         2         3        -158.4    -165.6    -151.2        12.5        10          15           0             0
     84         3         3          -144    -151.2    -136.8        12.5        10          15         0.5       1.06066
     85         4         3        -129.6    -136.8    -122.4        12.5        10          15           1             1
     86         5         3        -115.2    -122.4      -108        12.5        10          15       -0.25          0.25
     87         6         3        -100.8      -108     -93.6        12.5        10          15       -0.25          0.25
     88         7         3         -86.4     -93.6     -79.2        12.5        10          15       22.25       4.81534
     89         8         3           -72     -79.2     -64.8        12.5        10          15      271.25       16.7239
     90         9         3         -57.6     -64.8     -50.4        12.5        10          15         839       29.7111
     91        10         3         -43.2     -50.4       -36        12.5        10          15     1573.25       40.7178
     92        11         3         -28.8       -36     -21.6        12.5        10          15      2316.5       49.7582
     93        12         3         -14.4     -21.6      -7.2        12.5        10          15     2721.75       54.1254
     94        13         3   1.42109e-14      -7.2       7.2        12.5        10          15        2715       54.0717
     95        14         3          14.4       7.2      21.6        12.5        10          15     2408.25       50.9209
     96        15         3          28.8      21.6        36        12.5        10          15        1886       44.9277
     97        16         3          43.2        36      50.4        12.5        10          15     1236.75       36.2569
     98        17         3          57.6      50.4      64.8        12.5        10          15       643.5       25.9157
     99        18         3            72      64.8      79.2        12.5        10          15      186.25       13.8632
    100        19         3          86.4      79.2      93.6        12.5        10          15          36       6.20484
    101        20         3         100.8      93.6       108        12.5        10          15        6.75       2.65754
    102        21         3         115.2       108     122.4        12.5        10          15           2       1.41421
    103        22         3         129.6     122.4     136.8        12.5        10          15       -1.25      0.559017
    104        23         3           144     136.8     151.2        12.5        10          15       -0.25          0.25
    105        24         3         158.4     151.2     165.6        12.5        10          15       -0.25          0.25
    106        25         3         172.8     165.6       180        12.5        10          15       -0.25          0.25
    109         1         4        -172.8      -180    -165.6        17.5        15          20       -0.25          0.25
    110         2         4        -158.4    -165.6    -151.2        17.5        15          20        -0.5      0.353553
    111         3         4          -144    -151.2    -136.8        17.5        15          20           0             0
    112         4         4        -129.6    -136.8    -122.4        17.5        15          20           0             0
    113         5         4        -115.2    -122.4      -108        17.5        15          20           1             1
    114         6         4        -100.8      -108     -93.6        17.5        15          20       -0.25          0.25
    115         7         4         -86.4     -93.6     -79.2        17.5        15          20       -0.25          0.25
    116         8         4           -72     -79.2     -64.8        17.5        15          20       48.25       7.10194
    117         9         4         -57.6     -64.8     -50.4        17.5        15          20       407.5       20.8716
    118        10         4         -43.2     -50.4       -36        17.5        15          20      1015.5       33.6879
    119        11         4         -28.8       -36     -21.6        17.5        15          20      1390.5       39.8732
    120        12         4         -14.4     -21.6      -7.2        17.5        15          20     1512.25       42.0498
    121        13         4   1.42109e-14      -7.2       7.2        17.5        15          20     1425.25       41.2303
    122        14         4          14.4       7.2      21.6        17.5        15          20        1398       40.7339
    123        15         4          28.8      21.6        36        17.5        15          20     1147.25       36.0824
    124        16         4          43.2        36      50.4        17.5        15          20      742.25       28.4945
    125        17         4          57.6      50.4      64.8        17.5        15          20      252.25       16.5284
    126        18         4            72      64.8      79.2        17.5        15          20        34.5       6.13392
    127        19         4          86.4      79.2      93.6        17.5        15          20        3.75       2.01556
    128        20         4         100.8      93.6       108        17.5        15          20         0.5       1.06066
    129        21         4         115.2       108     122.4        17.5        15          20        -0.5      0.353553
    130        22         4         129.6     122.4     136.8        17.5        15          20           0             0
    131        23         4           144     136.8     151.2        17.5        15          20           0             0
    132        24         4         158.4     151.2     165.6        17.5        15          20        0.75       1.03078
    133        25         4         172.8     165.6       180        17.5        15          20           0             0
    136         1         5        -172.8      -180    -165.6        22.5        20          25           0             0
    137         2         5        -158.4    -165.6    -151.2        22.5        20          25           0             0
    138         3         5          -144    -151.2    -136.8        22.5        20          25           0             0
    139         4         5        -129.6    -136.8    -122.4        22.5        20          25       -0.25          0.25
    140         5         5        -115.2    -122.4      -108        22.5        20          25           0             0
    141         6         5        -100.8      -108     -93.6        22.5        20          25           0             0
    142         7         5         -86.4     -93.6     -79.2        22.5        20          25           0             0
    143         8         5           -72     -79.2     -64.8        22.5        20          25        -0.5      0.353553
    144         9         5         -57.6     -64.8     -50.4        22.5        20          25          58       8.17007
    145        10         5         -43.2     -50.4       -36        22.5        20          25      325.25       20.0297
    146        11         5         -28.8       -36     -21.6        22.5        20          25         477       24.8395
    147        12         5         -14.4     -21.6      -7.2        22.5        20          25       438.5       25.1073
    148        13         5   1.42109e-14      -7.2       7.2        22.5        20          25         459       26.0576
    149        14         5          14.4       7.2      21.6        22.5        20          25      531.75       27.1489
    150        15         5          28.8      21.6        36        22.5        20          25      495.75        25.245
    151        16         5          43.2        36      50.4        22.5        20          25         259       17.6847
    152        17         5          57.6      50.4      64.8        22.5        20          25        50.5       7.49166
    153        18         5            72      64.8      79.2        22.5        20          25       -0.75      0.433013
    154        19         5          86.4      79.2      93.6        22.5        20          25           2       1.41421
    155        20         5         100.8      93.6       108        22.5        20          25        -0.5      0.353553
    156        21         5         115.2       108     122.4        22.5        20          25        -0.5      0.353553
    157        22         5         129.6     122.4     136.8        22.5        20          25       -0.25          0.25
    158        23         5           144     136.8     151.2        22.5        20          25           0             0
    159        24         5         158.4     151.2     165.6        22.5        20          25           0             0
    160        25         5         172.8     165.6       180        22.5        20          25           1             1
    163         1         6        -172.8      -180    -165.6        27.5        25          30       -0.25          0.25
    164         2         6        -158.4    -165.6    -151.2        27.5        25          30           0             0
    165         3         6          -144    -151.2    -136.8        27.5        25          30           0             0
    166         4         6        -129.6    -136.8    -122.4        27.5        25          30           0             0
    167         5         6        -115.2    -122.4      -108        27.5        25          30           0             0
    168         6         6        -100.8      -108     -93.6        27.5        25          30           0             0
    169         7         6         -86.4     -93.6     -79.2        27.5        25          30        -0.5      0.353553
    170         8         6           -72     -79.2     -64.8        27.5        25          30        0.75       1.03078
    171         9         6         -57.6     -64.8     -50.4        27.5        25          30           0             0
    172        10         6         -43.2     -50.4       -36        27.5        25          30       30.75       6.60019
    173        11         6         -28.8       -36     -21.6        27.5        25          30      107.25       12.9687
    174        12         6         -14.4     -21.6      -7.2        27.5        25          30          92       13.0671
    175        13         6   1.42109e-14      -7.2       7.2        27.5        25          30        73.5        12.515
    176        14         6          14.4       7.2      21.6        27.5        25          30      130.75       15.2828
    177        15         6          28.8      21.6        36        27.5        25          30      144.75       14.8766
    178        16         6          43.2        36      50.4        27.5        25          30       43.75       7.84618
    179        17         6          57.6      50.4      64.8        27.5        25          30         4.5       2.52488
    180        18         6            72      64.8      79.2        27.5        25          30           2       1.41421
    181        19         6          86.4      79.2      93.6        27.5        25          30         1.5       1.45774
    182        20         6         100.8      93.6       108        27.5        25          30        0.75       1.03078
    183        21         6         115.2       108     122.4        27.5        25          30           0       1.11803
    184        22         6         129.6     122.4     136.8        27.5        25          30       -0.25          0.25
    185        23         6           144     136.8     151.2        27.5        25          30           0             0
    186        24         6         158.4     151.2     165.6        27.5        25          30           0             0
    187        25         6         172.8     165.6       180        27.5        25          30           0             0
    190         1         7        -172.8      -180    -165.6        32.5        30          35           0             0
    191         2         7        -158.4    -165.6    -151.2        32.5        30          35           0             0
    192         3         7          -144    -151.2    -136.8        32.5        30          35           0             0
    193         4         7        -129.6    -136.8    -122.4        32.5        30          35           0             0
    194         5         7        -115.2    -122.4      -108        32.5        30          35           0             0
    195         6         7        -100.8      -108     -93.6        32.5        30          35           0             0
    196         7         7         -86.4     -93.6     -79.2        32.5        30          35           0             0
    197         8         7           -72     -79.2     -64.8        32.5        30          35           0             0
    198         9         7         -57.6     -64.8     -50.4        32.5        30          35           0             0
    199        10         7         -43.2     -50.4       -36        32.5        30          35       -0.25       1.14564
    200        11         7         -28.8       -36     -21.6        32.5        30          35          12       4.82183
    201        12         7         -14.4     -21.6      -7.2        32.5        30          35        5.75       4.16083
    202        13         7   1.42109e-14      -7.2       7.2        32.5        30          35           0       2.73861
    203        14         7          14.4       7.2      21.6        32.5        30          35         5.5       4.31567
    204        15         7          28.8      21.6        36        32.5        30          35          18       6.26498
    205        16         7          43.2        36      50.4        32.5        30          35        2.75       3.05164
    206        17         7          57.6      50.4      64.8        32.5        30          35           2       1.80278
    207        18         7            72      64.8      79.2        32.5        30          35         0.5       1.06066
    208        19         7          86.4      79.2      93.6        32.5        30          35       -0.25          0.25
    209        20         7         100.8      93.6       108        32.5        30          35           0             0
    210        21         7         115.2       108     122.4        32.5        30          35           0             0
    211        22         7         129.6     122.4     136.8        32.5        30          35           0             0
    212        23         7           144     136.8     151.2        32.5        30          35           0             0
    213        24         7         158.4     151.2     165.6        32.5        30          35       -0.25          0.25
    214        25         7         172.8     165.6       180        32.5        30          35           0             0
    217         1         8        -172.8      -180    -165.6        37.5        35          40           0             0
    218         2         8        -158.4    -165.6    -151.2        37.5        35          40           1             1
    219         3         8          -144    -151.2    -136.8        37.5        35          40           0             0
    220         4         8        -129.6    -136.8    -122.4        37.5        35          40           0             0
    221         5         8        -115.2    -122.4      -108        37.5        35          40           0             0
    222         6         8        -100.8      -108     -93.6        37.5        35          40           0             0
    223         7         8         -86.4     -93.6     -79.2        37.5        35          40           0             0
    224         8         8           -72     -79.2     -64.8        37.5        35          40           1             1
    225         9         8         -57.6     -64.8     -50.4        37.5        35          40           0             0
    226        10         8         -43.2     -50.4       -36        37.5        35          40           1             1
    227        11         8         -28.8       -36     -21.6        37.5        35          40        0.25       1.08972
    228        12         8         -14.4     -21.6      -7.2        37.5        35          40           1             1
    229        13         8   1.42109e-14      -7.2       7.2        37.5        35          40        0.75       1.03078
    230        14         8          14.4       7.2      21.6        37.5        35          40           0       1.11803
    231        15         8          28.8      21.6        36        37.5        35          40        0.75       1.52069
    232        16         8          43.2        36      50.4        37.5        35          40         3.5       2.03101
    233        17         8          57.6      50.4      64.8        37.5        35          40           1           1.5
    234        18         8            72      64.8      79.2        37.5        35          40        -0.5      0.353553
    235        19         8          86.4      79.2      93.6        37.5        35          40           1             1
    236        20         8         100.8      93.6       108        37.5        35          40         0.5       1.06066
    237        21         8         115.2       108     122.4        37.5        35          40           0             0
    238        22         8         129.6     122.4     136.8        37.5        35          40           0             0
    239        23         8           144     136.8     151.2        37.5        35          40           0             0
    240        24         8         158.4     151.2     165.6        37.5        35          40           0             0
    241        25         8         172.8     165.6       180        37.5        35          40           0             0
