# 2D Histogram Bin Extraction 
#                   
# histogram parameters:  
# ybins      = 8   | ylabel: th_xq_CM [deg] 
# xbins      = 25   | xlabel: phi_xq [deg] 
# ybin width = 5.000 
# xbin width = 14.400 
#                   
# header definitions:
# ib:         (x,y)  bin number 
# xb:         x-axis bin number 
# yb:         y-axis bin number 
# x0:         x-axis central bin value 
# xlow:       x-axis low-edge bin value 
# xup:        x-axis up-edge bin value 
# y0:         y-axis central bin value 
# ylow:       y-axis low-edge bin value 
# yup:        y-axis up-edge bin value 
# zcont:      bin content (z-axis) 
# zcont_err:  bin content error (z-axis) 
#                                        
#! ib[i,0]/  xb[i,1]/  yb[i,2]/  x0[f,3]/  xlow[f,4]/  xup[f,5]/  y0[f,6]/  ylow[f,7]/  yup[f,8]/  zcont[f,9]/  zcont_err[f,10]/  
     28         1         1        -172.8      -180    -165.6         2.5         0           5           8       2.82843
     29         2         1        -158.4    -165.6    -151.2         2.5         0           5           9             3
     30         3         1          -144    -151.2    -136.8         2.5         0           5        8.75        3.0104
     31         4         1        -129.6    -136.8    -122.4         2.5         0           5        1.25       1.47902
     32         5         1        -115.2    -122.4      -108         2.5         0           5           8       2.82843
     33         6         1        -100.8      -108     -93.6         2.5         0           5           8       2.82843
     34         7         1         -86.4     -93.6     -79.2         2.5         0           5        1.75       1.43614
     35         8         1           -72     -79.2     -64.8         2.5         0           5        5.75       2.46221
     36         9         1         -57.6     -64.8     -50.4         2.5         0           5        4.75          2.25
     37        10         1         -43.2     -50.4       -36         2.5         0           5           8       2.82843
     38        11         1         -28.8       -36     -21.6         2.5         0           5           3       1.73205
     39        12         1         -14.4     -21.6      -7.2         2.5         0           5        2.75          1.75
     40        13         1   1.42109e-14      -7.2       7.2         2.5         0           5           5       2.23607
     41        14         1          14.4       7.2      21.6         2.5         0           5           6       2.44949
     42        15         1          28.8      21.6        36         2.5         0           5           6       2.44949
     43        16         1          43.2        36      50.4         2.5         0           5           5       2.23607
     44        17         1          57.6      50.4      64.8         2.5         0           5        6.75       2.65754
     45        18         1            72      64.8      79.2         2.5         0           5        5.75       2.46221
     46        19         1          86.4      79.2      93.6         2.5         0           5        11.5        3.4821
     47        20         1         100.8      93.6       108         2.5         0           5        2.75          1.75
     48        21         1         115.2       108     122.4         2.5         0           5         5.5       2.47487
     49        22         1         129.6     122.4     136.8         2.5         0           5          11       3.31662
     50        23         1           144     136.8     151.2         2.5         0           5        3.75       2.01556
     51        24         1         158.4     151.2     165.6         2.5         0           5           5       2.23607
     52        25         1         172.8     165.6       180         2.5         0           5         5.5       2.47487
     55         1         2        -172.8      -180    -165.6         7.5         5          10          17       4.12311
     56         2         2        -158.4    -165.6    -151.2         7.5         5          10       12.75       3.78319
     57         3         2          -144    -151.2    -136.8         7.5         5          10        21.5       4.70372
     58         4         2        -129.6    -136.8    -122.4         7.5         5          10          16       4.15331
     59         5         2        -115.2    -122.4      -108         7.5         5          10       17.25       4.26468
     60         6         2        -100.8      -108     -93.6         7.5         5          10          20       4.60977
     61         7         2         -86.4     -93.6     -79.2         7.5         5          10       15.25       4.02337
     62         8         2           -72     -79.2     -64.8         7.5         5          10          20       4.60977
     63         9         2         -57.6     -64.8     -50.4         7.5         5          10         8.5       3.02076
     64        10         2         -43.2     -50.4       -36         7.5         5          10       11.25       3.49106
     65        11         2         -28.8       -36     -21.6         7.5         5          10          16             4
     66        12         2         -14.4     -21.6      -7.2         7.5         5          10       13.25       3.76663
     67        13         2   1.42109e-14      -7.2       7.2         7.5         5          10          12       3.64005
     68        14         2          14.4       7.2      21.6         7.5         5          10        8.75        3.0104
     69        15         2          28.8      21.6        36         7.5         5          10          15       4.03113
     70        16         2          43.2        36      50.4         7.5         5          10          11           3.5
     71        17         2          57.6      50.4      64.8         7.5         5          10        6.25       2.68095
     72        18         2            72      64.8      79.2         7.5         5          10           5           2.5
     73        19         2          86.4      79.2      93.6         7.5         5          10          15       4.03113
     74        20         2         100.8      93.6       108         7.5         5          10       28.25       5.40255
     75        21         2         115.2       108     122.4         7.5         5          10       10.25       3.34477
     76        22         2         129.6     122.4     136.8         7.5         5          10        8.25       3.03109
     77        23         2           144     136.8     151.2         7.5         5          10        17.5        4.4017
     78        24         2         158.4     151.2     165.6         7.5         5          10          16             4
     79        25         2         172.8     165.6       180         7.5         5          10        19.5       4.48609
     82         1         3        -172.8      -180    -165.6        12.5        10          15        21.5       4.83477
     83         2         3        -158.4    -165.6    -151.2        12.5        10          15          20       4.60977
     84         3         3          -144    -151.2    -136.8        12.5        10          15       23.75       5.03115
     85         4         3        -129.6    -136.8    -122.4        12.5        10          15          30       5.70088
     86         5         3        -115.2    -122.4      -108        12.5        10          15       33.25       5.84701
     87         6         3        -100.8      -108     -93.6        12.5        10          15        35.5       6.11351
     88         7         3         -86.4     -93.6     -79.2        12.5        10          15          18       4.38748
     89         8         3           -72     -79.2     -64.8        12.5        10          15          15       4.03113
     90         9         3         -57.6     -64.8     -50.4        12.5        10          15        12.5       3.62284
     91        10         3         -43.2     -50.4       -36        12.5        10          15       11.25       3.49106
     92        11         3         -28.8       -36     -21.6        12.5        10          15         8.5       3.02076
     93        12         3         -14.4     -21.6      -7.2        12.5        10          15         8.5       3.02076
     94        13         3   1.42109e-14      -7.2       7.2        12.5        10          15        9.75       3.17214
     95        14         3          14.4       7.2      21.6        12.5        10          15         9.5       3.18198
     96        15         3          28.8      21.6        36        12.5        10          15        6.75       2.65754
     97        16         3          43.2        36      50.4        12.5        10          15          18       4.38748
     98        17         3          57.6      50.4      64.8        12.5        10          15       13.75          3.75
     99        18         3            72      64.8      79.2        12.5        10          15       15.25       4.02337
    100        19         3          86.4      79.2      93.6        12.5        10          15       33.25       5.84701
    101        20         3         100.8      93.6       108        12.5        10          15       19.25       4.63006
    102        21         3         115.2       108     122.4        12.5        10          15          23       4.92443
    103        22         3         129.6     122.4     136.8        12.5        10          15          20       4.60977
    104        23         3           144     136.8     151.2        12.5        10          15       27.75        5.4141
    105        24         3         158.4     151.2     165.6        12.5        10          15       24.25       5.01871
    106        25         3         172.8     165.6       180        12.5        10          15       16.75       4.27931
    109         1         4        -172.8      -180    -165.6        17.5        15          20       12.75       3.61421
    110         2         4        -158.4    -165.6    -151.2        17.5        15          20          16       4.15331
    111         3         4          -144    -151.2    -136.8        17.5        15          20       22.25       4.81534
    112         4         4        -129.6    -136.8    -122.4        17.5        15          20       18.25       4.38035
    113         5         4        -115.2    -122.4      -108        17.5        15          20        15.5       4.31567
    114         6         4        -100.8      -108     -93.6        17.5        15          20        27.5       5.41987
    115         7         4         -86.4     -93.6     -79.2        17.5        15          20       23.25       4.91808
    116         8         4           -72     -79.2     -64.8        17.5        15          20        24.5       5.01248
    117         9         4         -57.6     -64.8     -50.4        17.5        15          20        12.5       3.62284
    118        10         4         -43.2     -50.4       -36        17.5        15          20       11.25       3.49106
    119        11         4         -28.8       -36     -21.6        17.5        15          20           8       3.04138
    120        12         4         -14.4     -21.6      -7.2        17.5        15          20         2.5       1.76777
    121        13         4   1.42109e-14      -7.2       7.2        17.5        15          20        4.75          2.25
    122        14         4          14.4       7.2      21.6        17.5        15          20           6       2.44949
    123        15         4          28.8      21.6        36        17.5        15          20        8.75        3.0104
    124        16         4          43.2        36      50.4        17.5        15          20         8.5       3.02076
    125        17         4          57.6      50.4      64.8        17.5        15          20        9.25       3.19179
    126        18         4            72      64.8      79.2        17.5        15          20          13       3.77492
    127        19         4          86.4      79.2      93.6        17.5        15          20          14       3.90512
    128        20         4         100.8      93.6       108        17.5        15          20          18       4.52769
    129        21         4         115.2       108     122.4        17.5        15          20       13.25       3.76663
    130        22         4         129.6     122.4     136.8        17.5        15          20       12.25       3.79967
    131        23         4           144     136.8     151.2        17.5        15          20       17.25       4.26468
    132        24         4         158.4     151.2     165.6        17.5        15          20         9.5       3.18198
    133        25         4         172.8     165.6       180        17.5        15          20         8.5       3.02076
    136         1         5        -172.8      -180    -165.6        22.5        20          25           4             2
    137         2         5        -158.4    -165.6    -151.2        22.5        20          25        4.75          2.25
    138         3         5          -144    -151.2    -136.8        22.5        20          25           7       2.64575
    139         4         5        -129.6    -136.8    -122.4        22.5        20          25       12.75       3.61421
    140         5         5        -115.2    -122.4      -108        22.5        20          25       18.75       4.36606
    141         6         5        -100.8      -108     -93.6        22.5        20          25        13.5        3.9211
    142         7         5         -86.4     -93.6     -79.2        22.5        20          25       22.25       4.81534
    143         8         5           -72     -79.2     -64.8        22.5        20          25          22       4.82183
    144         9         5         -57.6     -64.8     -50.4        22.5        20          25         8.5       3.22102
    145        10         5         -43.2     -50.4       -36        22.5        20          25       10.75       3.32603
    146        11         5         -28.8       -36     -21.6        22.5        20          25        4.25       2.27761
    147        12         5         -14.4     -21.6      -7.2        22.5        20          25           2       1.41421
    148        13         5   1.42109e-14      -7.2       7.2        22.5        20          25        1.75       1.43614
    149        14         5          14.4       7.2      21.6        22.5        20          25        2.75          1.75
    150        15         5          28.8      21.6        36        22.5        20          25         7.5       2.85044
    151        16         5          43.2        36      50.4        22.5        20          25        10.5       3.33542
    152        17         5          57.6      50.4      64.8        22.5        20          25          13       3.77492
    153        18         5            72      64.8      79.2        22.5        20          25       14.25       3.89711
    154        19         5          86.4      79.2      93.6        22.5        20          25       12.25       3.63146
    155        20         5         100.8      93.6       108        22.5        20          25       23.75       5.03115
    156        21         5         115.2       108     122.4        22.5        20          25          11           3.5
    157        22         5         129.6     122.4     136.8        22.5        20          25         8.5       3.02076
    158        23         5           144     136.8     151.2        22.5        20          25           5       2.23607
    159        24         5         158.4     151.2     165.6        22.5        20          25           4             2
    160        25         5         172.8     165.6       180        22.5        20          25           6       2.44949
    163         1         6        -172.8      -180    -165.6        27.5        25          30           0             0
    164         2         6        -158.4    -165.6    -151.2        27.5        25          30           0             0
    165         3         6          -144    -151.2    -136.8        27.5        25          30           2       1.41421
    166         4         6        -129.6    -136.8    -122.4        27.5        25          30        2.75          1.75
    167         5         6        -115.2    -122.4      -108        27.5        25          30           7       2.64575
    168         6         6        -100.8      -108     -93.6        27.5        25          30         7.5       2.85044
    169         7         6         -86.4     -93.6     -79.2        27.5        25          30       12.75       3.78319
    170         8         6           -72     -79.2     -64.8        27.5        25          30       11.25       3.49106
    171         9         6         -57.6     -64.8     -50.4        27.5        25          30           6       2.69258
    172        10         6         -43.2     -50.4       -36        27.5        25          30         4.5       2.26385
    173        11         6         -28.8       -36     -21.6        27.5        25          30           2       1.41421
    174        12         6         -14.4     -21.6      -7.2        27.5        25          30           1             1
    175        13         6   1.42109e-14      -7.2       7.2        27.5        25          30       -0.25          0.25
    176        14         6          14.4       7.2      21.6        27.5        25          30           1             1
    177        15         6          28.8      21.6        36        27.5        25          30           1             1
    178        16         6          43.2        36      50.4        27.5        25          30        2.75          1.75
    179        17         6          57.6      50.4      64.8        27.5        25          30           8       2.82843
    180        18         6            72      64.8      79.2        27.5        25          30         3.5       2.03101
    181        19         6          86.4      79.2      93.6        27.5        25          30        4.75          2.25
    182        20         6         100.8      93.6       108        27.5        25          30        5.25       2.48747
    183        21         6         115.2       108     122.4        27.5        25          30           1             1
    184        22         6         129.6     122.4     136.8        27.5        25          30           4             2
    185        23         6           144     136.8     151.2        27.5        25          30           0             0
    186        24         6         158.4     151.2     165.6        27.5        25          30           2       1.41421
    187        25         6         172.8     165.6       180        27.5        25          30           0             0
    190         1         7        -172.8      -180    -165.6        32.5        30          35           0             0
    191         2         7        -158.4    -165.6    -151.2        32.5        30          35           0             0
    192         3         7          -144    -151.2    -136.8        32.5        30          35           0             0
    193         4         7        -129.6    -136.8    -122.4        32.5        30          35           0             0
    194         5         7        -115.2    -122.4      -108        32.5        30          35           1             1
    195         6         7        -100.8      -108     -93.6        32.5        30          35        8.75        3.0104
    196         7         7         -86.4     -93.6     -79.2        32.5        30          35           4             2
    197         8         7           -72     -79.2     -64.8        32.5        30          35           5       2.23607
    198         9         7         -57.6     -64.8     -50.4        32.5        30          35        2.75          1.75
    199        10         7         -43.2     -50.4       -36        32.5        30          35         4.5       2.26385
    200        11         7         -28.8       -36     -21.6        32.5        30          35        0.75       1.03078
    201        12         7         -14.4     -21.6      -7.2        32.5        30          35           0             0
    202        13         7   1.42109e-14      -7.2       7.2        32.5        30          35           0             0
    203        14         7          14.4       7.2      21.6        32.5        30          35           0             0
    204        15         7          28.8      21.6        36        32.5        30          35           1             1
    205        16         7          43.2        36      50.4        32.5        30          35           2       1.41421
    206        17         7          57.6      50.4      64.8        32.5        30          35        4.75          2.25
    207        18         7            72      64.8      79.2        32.5        30          35           6       2.44949
    208        19         7          86.4      79.2      93.6        32.5        30          35           2       1.41421
    209        20         7         100.8      93.6       108        32.5        30          35           0             0
    210        21         7         115.2       108     122.4        32.5        30          35           1             1
    211        22         7         129.6     122.4     136.8        32.5        30          35           1             1
    212        23         7           144     136.8     151.2        32.5        30          35           0             0
    213        24         7         158.4     151.2     165.6        32.5        30          35           0             0
    214        25         7         172.8     165.6       180        32.5        30          35           0             0
    217         1         8        -172.8      -180    -165.6        37.5        35          40           0             0
    218         2         8        -158.4    -165.6    -151.2        37.5        35          40           0             0
    219         3         8          -144    -151.2    -136.8        37.5        35          40           0             0
    220         4         8        -129.6    -136.8    -122.4        37.5        35          40           0             0
    221         5         8        -115.2    -122.4      -108        37.5        35          40           0             0
    222         6         8        -100.8      -108     -93.6        37.5        35          40           0             0
    223         7         8         -86.4     -93.6     -79.2        37.5        35          40           1             1
    224         8         8           -72     -79.2     -64.8        37.5        35          40           1             1
    225         9         8         -57.6     -64.8     -50.4        37.5        35          40           0             0
    226        10         8         -43.2     -50.4       -36        37.5        35          40           0             0
    227        11         8         -28.8       -36     -21.6        37.5        35          40           0             0
    228        12         8         -14.4     -21.6      -7.2        37.5        35          40           0             0
    229        13         8   1.42109e-14      -7.2       7.2        37.5        35          40           0             0
    230        14         8          14.4       7.2      21.6        37.5        35          40           0             0
    231        15         8          28.8      21.6        36        37.5        35          40           0             0
    232        16         8          43.2        36      50.4        37.5        35          40       -0.25          0.25
    233        17         8          57.6      50.4      64.8        37.5        35          40           1             1
    234        18         8            72      64.8      79.2        37.5        35          40           1             1
    235        19         8          86.4      79.2      93.6        37.5        35          40           0             0
    236        20         8         100.8      93.6       108        37.5        35          40           2       1.41421
    237        21         8         115.2       108     122.4        37.5        35          40           0             0
    238        22         8         129.6     122.4     136.8        37.5        35          40           0             0
    239        23         8           144     136.8     151.2        37.5        35          40           0             0
    240        24         8         158.4     151.2     165.6        37.5        35          40           0             0
    241        25         8         172.8     165.6       180        37.5        35          40           0             0
