# 2D Histogram Bin Extraction 
#                   
# histogram parameters:  
# ybins      = 8   | ylabel: th_xq_CM [deg] 
# xbins      = 25   | xlabel: phi_xq [deg] 
# ybin width = 5.000 
# xbin width = 14.400 
#                   
# header definitions:
# ib:         (x,y)  bin number 
# xb:         x-axis bin number 
# yb:         y-axis bin number 
# x0:         x-axis central bin value 
# xlow:       x-axis low-edge bin value 
# xup:        x-axis up-edge bin value 
# y0:         y-axis central bin value 
# ylow:       y-axis low-edge bin value 
# yup:        y-axis up-edge bin value 
# zcont:      bin content (z-axis) 
# zcont_err:  bin content error (z-axis) 
#                                        
#! ib[i,0]/  xb[i,1]/  yb[i,2]/  x0[f,3]/  xlow[f,4]/  xup[f,5]/  y0[f,6]/  ylow[f,7]/  yup[f,8]/  zcont[f,9]/  zcont_err[f,10]/  
     28         1         1        -172.8      -180    -165.6         2.5         0           5       90.75       9.67277
     29         2         1        -158.4    -165.6    -151.2         2.5         0           5      108.25       10.5089
     30         3         1          -144    -151.2    -136.8         2.5         0           5       93.75       9.76281
     31         4         1        -129.6    -136.8    -122.4         2.5         0           5         114       10.7935
     32         5         1        -115.2    -122.4      -108         2.5         0           5       91.75       9.72433
     33         6         1        -100.8      -108     -93.6         2.5         0           5         104       10.3199
     34         7         1         -86.4     -93.6     -79.2         2.5         0           5      105.75       10.3592
     35         8         1           -72     -79.2     -64.8         2.5         0           5       112.5       10.6946
     36         9         1         -57.6     -64.8     -50.4         2.5         0           5      111.75       10.6448
     37        10         1         -43.2     -50.4       -36         2.5         0           5      103.25       10.2072
     38        11         1         -28.8       -36     -21.6         2.5         0           5        83.5       9.17197
     39        12         1         -14.4     -21.6      -7.2         2.5         0           5       62.25       8.10478
     40        13         1   1.42109e-14      -7.2       7.2         2.5         0           5       92.75       9.77561
     41        14         1          14.4       7.2      21.6         2.5         0           5       64.75       8.29533
     42        15         1          28.8      21.6        36         2.5         0           5          96       9.98749
     43        16         1          43.2        36      50.4         2.5         0           5        83.5       9.30726
     44        17         1          57.6      50.4      64.8         2.5         0           5        79.5       9.02081
     45        18         1            72      64.8      79.2         2.5         0           5          83       9.24662
     46        19         1          86.4      79.2      93.6         2.5         0           5       95.75       9.92786
     47        20         1         100.8      93.6       108         2.5         0           5      101.25       10.1704
     48        21         1         115.2       108     122.4         2.5         0           5        88.5       9.50658
     49        22         1         129.6     122.4     136.8         2.5         0           5        88.5       9.57209
     50        23         1           144     136.8     151.2         2.5         0           5          86       9.40744
     51        24         1         158.4     151.2     165.6         2.5         0           5          76        8.7892
     52        25         1         172.8     165.6       180         2.5         0           5          92        9.6566
     55         1         2        -172.8      -180    -165.6         7.5         5          10      108.75       10.5623
     56         2         2        -158.4    -165.6    -151.2         7.5         5          10         108       10.4523
     57         3         2          -144    -151.2    -136.8         7.5         5          10       132.5       11.6458
     58         4         2        -129.6    -136.8    -122.4         7.5         5          10      179.25       13.5624
     59         5         2        -115.2    -122.4      -108         7.5         5          10         195       14.0979
     60         6         2        -100.8      -108     -93.6         7.5         5          10      227.75       15.2664
     61         7         2         -86.4     -93.6     -79.2         7.5         5          10      229.25       15.4171
     62         8         2           -72     -79.2     -64.8         7.5         5          10         205       14.4914
     63         9         2         -57.6     -64.8     -50.4         7.5         5          10       186.5       13.9059
     64        10         2         -43.2     -50.4       -36         7.5         5          10         172        13.351
     65        11         2         -28.8       -36     -21.6         7.5         5          10       144.5       12.2526
     66        12         2         -14.4     -21.6      -7.2         7.5         5          10      115.25       11.0085
     67        13         2   1.42109e-14      -7.2       7.2         7.5         5          10       122.5       11.2639
     68        14         2          14.4       7.2      21.6         7.5         5          10      113.25       10.8599
     69        15         2          28.8      21.6        36         7.5         5          10       140.5       12.1398
     70        16         2          43.2        36      50.4         7.5         5          10         143        12.114
     71        17         2          57.6      50.4      64.8         7.5         5          10       152.5       12.6738
     72        18         2            72      64.8      79.2         7.5         5          10       152.5       12.5748
     73        19         2          86.4      79.2      93.6         7.5         5          10       196.5       14.1289
     74        20         2         100.8      93.6       108         7.5         5          10      156.75       12.6318
     75        21         2         115.2       108     122.4         7.5         5          10      159.25       12.7549
     76        22         2         129.6     122.4     136.8         7.5         5          10       147.5       12.2219
     77        23         2           144     136.8     151.2         7.5         5          10       88.25       9.50986
     78        24         2         158.4     151.2     165.6         7.5         5          10       115.5        10.834
     79        25         2         172.8     165.6       180         7.5         5          10       98.75       10.0778
     82         1         3        -172.8      -180    -165.6        12.5        10          15        29.5       5.60134
     83         2         3        -158.4    -165.6    -151.2        12.5        10          15          41           6.5
     84         3         3          -144    -151.2    -136.8        12.5        10          15          46       6.87386
     85         4         3        -129.6    -136.8    -122.4        12.5        10          15          88       9.44722
     86         5         3        -115.2    -122.4      -108        12.5        10          15      114.25       10.7906
     87         6         3        -100.8      -108     -93.6        12.5        10          15      155.25       12.6466
     88         7         3         -86.4     -93.6     -79.2        12.5        10          15       191.5       14.0401
     89         8         3           -72     -79.2     -64.8        12.5        10          15      175.75       13.4559
     90         9         3         -57.6     -64.8     -50.4        12.5        10          15      136.25       12.0286
     91        10         3         -43.2     -50.4       -36        12.5        10          15         105       10.4881
     92        11         3         -28.8       -36     -21.6        12.5        10          15       48.25       7.44564
     93        12         3         -14.4     -21.6      -7.2        12.5        10          15       53.75       7.60345
     94        13         3   1.42109e-14      -7.2       7.2        12.5        10          15       23.75       5.27376
     95        14         3          14.4       7.2      21.6        12.5        10          15       51.25        7.3951
     96        15         3          28.8      21.6        36        12.5        10          15       41.75       6.86021
     97        16         3          43.2        36      50.4        12.5        10          15          90       9.87421
     98        17         3          57.6      50.4      64.8        12.5        10          15      108.25       10.6859
     99        18         3            72      64.8      79.2        12.5        10          15      123.25       11.3109
    100        19         3          86.4      79.2      93.6        12.5        10          15      140.75       11.9818
    101        20         3         100.8      93.6       108        12.5        10          15      129.75       11.5136
    102        21         3         115.2       108     122.4        12.5        10          15       73.25       8.75714
    103        22         3         129.6     122.4     136.8        12.5        10          15       71.75       8.48896
    104        23         3           144     136.8     151.2        12.5        10          15        38.5         6.255
    105        24         3         158.4     151.2     165.6        12.5        10          15       34.75       5.92136
    106        25         3         172.8     165.6       180        12.5        10          15        27.5        5.3033
    109         1         4        -172.8      -180    -165.6        17.5        15          20           0             0
    110         2         4        -158.4    -165.6    -151.2        17.5        15          20           1             1
    111         3         4          -144    -151.2    -136.8        17.5        15          20           7       2.64575
    112         4         4        -129.6    -136.8    -122.4        17.5        15          20       15.75        4.0078
    113         5         4        -115.2    -122.4      -108        17.5        15          20       26.75       5.32095
    114         6         4        -100.8      -108     -93.6        17.5        15          20       55.25       7.66078
    115         7         4         -86.4     -93.6     -79.2        17.5        15          20       82.75       9.31732
    116         8         4           -72     -79.2     -64.8        17.5        15          20       110.5       10.7761
    117         9         4         -57.6     -64.8     -50.4        17.5        15          20       55.75       7.73385
    118        10         4         -43.2     -50.4       -36        17.5        15          20       24.75       5.48293
    119        11         4         -28.8       -36     -21.6        17.5        15          20       17.75       4.53459
    120        12         4         -14.4     -21.6      -7.2        17.5        15          20       10.25       3.34477
    121        13         4   1.42109e-14      -7.2       7.2        17.5        15          20         6.5       2.66927
    122        14         4          14.4       7.2      21.6        17.5        15          20       17.75        4.3946
    123        15         4          28.8      21.6        36        17.5        15          20       16.25       4.29389
    124        16         4          43.2        36      50.4        17.5        15          20        34.5       6.23498
    125        17         4          57.6      50.4      64.8        17.5        15          20        45.5       7.23706
    126        18         4            72      64.8      79.2        17.5        15          20        50.5       7.40777
    127        19         4          86.4      79.2      93.6        17.5        15          20       58.25       7.85414
    128        20         4         100.8      93.6       108        17.5        15          20       30.75       5.68441
    129        21         4         115.2       108     122.4        17.5        15          20          17       4.12311
    130        22         4         129.6     122.4     136.8        17.5        15          20          12        3.4641
    131        23         4           144     136.8     151.2        17.5        15          20        5.75       2.46221
    132        24         4         158.4     151.2     165.6        17.5        15          20           1             1
    133        25         4         172.8     165.6       180        17.5        15          20           3       1.73205
    136         1         5        -172.8      -180    -165.6        22.5        20          25           0             0
    137         2         5        -158.4    -165.6    -151.2        22.5        20          25           1             1
    138         3         5          -144    -151.2    -136.8        22.5        20          25           0             0
    139         4         5        -129.6    -136.8    -122.4        22.5        20          25       -0.25          0.25
    140         5         5        -115.2    -122.4      -108        22.5        20          25        1.75       1.43614
    141         6         5        -100.8      -108     -93.6        22.5        20          25        14.5       3.88909
    142         7         5         -86.4     -93.6     -79.2        22.5        20          25       17.25       4.26468
    143         8         5           -72     -79.2     -64.8        22.5        20          25          16        4.4441
    144         9         5         -57.6     -64.8     -50.4        22.5        20          25       18.75       4.64354
    145        10         5         -43.2     -50.4       -36        22.5        20          25          10       3.53553
    146        11         5         -28.8       -36     -21.6        22.5        20          25        2.25       1.78536
    147        12         5         -14.4     -21.6      -7.2        22.5        20          25        -0.5      0.353553
    148        13         5   1.42109e-14      -7.2       7.2        22.5        20          25           1             1
    149        14         5          14.4       7.2      21.6        22.5        20          25           1             1
    150        15         5          28.8      21.6        36        22.5        20          25        5.25       2.48747
    151        16         5          43.2        36      50.4        22.5        20          25          15        4.1833
    152        17         5          57.6      50.4      64.8        22.5        20          25          23       5.17204
    153        18         5            72      64.8      79.2        22.5        20          25          13         3.937
    154        19         5          86.4      79.2      93.6        22.5        20          25        9.75       3.17214
    155        20         5         100.8      93.6       108        22.5        20          25           4             2
    156        21         5         115.2       108     122.4        22.5        20          25           4             2
    157        22         5         129.6     122.4     136.8        22.5        20          25           0             0
    158        23         5           144     136.8     151.2        22.5        20          25           1             1
    159        24         5         158.4     151.2     165.6        22.5        20          25           0             0
    160        25         5         172.8     165.6       180        22.5        20          25           0             0
    163         1         6        -172.8      -180    -165.6        27.5        25          30           0             0
    164         2         6        -158.4    -165.6    -151.2        27.5        25          30           0             0
    165         3         6          -144    -151.2    -136.8        27.5        25          30           0             0
    166         4         6        -129.6    -136.8    -122.4        27.5        25          30           0             0
    167         5         6        -115.2    -122.4      -108        27.5        25          30       -0.25          0.25
    168         6         6        -100.8      -108     -93.6        27.5        25          30           0             0
    169         7         6         -86.4     -93.6     -79.2        27.5        25          30           0             0
    170         8         6           -72     -79.2     -64.8        27.5        25          30           1             1
    171         9         6         -57.6     -64.8     -50.4        27.5        25          30         1.5       1.45774
    172        10         6         -43.2     -50.4       -36        27.5        25          30        3.75       2.01556
    173        11         6         -28.8       -36     -21.6        27.5        25          30           0             0
    174        12         6         -14.4     -21.6      -7.2        27.5        25          30           0             0
    175        13         6   1.42109e-14      -7.2       7.2        27.5        25          30           0             0
    176        14         6          14.4       7.2      21.6        27.5        25          30           0             0
    177        15         6          28.8      21.6        36        27.5        25          30           0             0
    178        16         6          43.2        36      50.4        27.5        25          30        1.75       1.82003
    179        17         6          57.6      50.4      64.8        27.5        25          30         3.5       2.03101
    180        18         6            72      64.8      79.2        27.5        25          30           1             1
    181        19         6          86.4      79.2      93.6        27.5        25          30           0             0
    182        20         6         100.8      93.6       108        27.5        25          30        -0.5      0.353553
    183        21         6         115.2       108     122.4        27.5        25          30           0             0
    184        22         6         129.6     122.4     136.8        27.5        25          30       -0.25          0.25
    185        23         6           144     136.8     151.2        27.5        25          30           0             0
    186        24         6         158.4     151.2     165.6        27.5        25          30           0             0
    187        25         6         172.8     165.6       180        27.5        25          30       -0.25          0.25
    190         1         7        -172.8      -180    -165.6        32.5        30          35           0             0
    191         2         7        -158.4    -165.6    -151.2        32.5        30          35           0             0
    192         3         7          -144    -151.2    -136.8        32.5        30          35           0             0
    193         4         7        -129.6    -136.8    -122.4        32.5        30          35           0             0
    194         5         7        -115.2    -122.4      -108        32.5        30          35           0             0
    195         6         7        -100.8      -108     -93.6        32.5        30          35           0             0
    196         7         7         -86.4     -93.6     -79.2        32.5        30          35           0             0
    197         8         7           -72     -79.2     -64.8        32.5        30          35           0             0
    198         9         7         -57.6     -64.8     -50.4        32.5        30          35           0             0
    199        10         7         -43.2     -50.4       -36        32.5        30          35       -0.25          0.25
    200        11         7         -28.8       -36     -21.6        32.5        30          35           0             0
    201        12         7         -14.4     -21.6      -7.2        32.5        30          35           0             0
    202        13         7   1.42109e-14      -7.2       7.2        32.5        30          35           0             0
    203        14         7          14.4       7.2      21.6        32.5        30          35           0             0
    204        15         7          28.8      21.6        36        32.5        30          35           0             0
    205        16         7          43.2        36      50.4        32.5        30          35           0             0
    206        17         7          57.6      50.4      64.8        32.5        30          35           0             0
    207        18         7            72      64.8      79.2        32.5        30          35           1             1
    208        19         7          86.4      79.2      93.6        32.5        30          35           0             0
    209        20         7         100.8      93.6       108        32.5        30          35           0             0
    210        21         7         115.2       108     122.4        32.5        30          35           0             0
    211        22         7         129.6     122.4     136.8        32.5        30          35           0             0
    212        23         7           144     136.8     151.2        32.5        30          35           0             0
    213        24         7         158.4     151.2     165.6        32.5        30          35           0             0
    214        25         7         172.8     165.6       180        32.5        30          35           0             0
    217         1         8        -172.8      -180    -165.6        37.5        35          40           0             0
    218         2         8        -158.4    -165.6    -151.2        37.5        35          40           0             0
    219         3         8          -144    -151.2    -136.8        37.5        35          40           0             0
    220         4         8        -129.6    -136.8    -122.4        37.5        35          40           0             0
    221         5         8        -115.2    -122.4      -108        37.5        35          40           0             0
    222         6         8        -100.8      -108     -93.6        37.5        35          40           0             0
    223         7         8         -86.4     -93.6     -79.2        37.5        35          40           0             0
    224         8         8           -72     -79.2     -64.8        37.5        35          40           0             0
    225         9         8         -57.6     -64.8     -50.4        37.5        35          40           0             0
    226        10         8         -43.2     -50.4       -36        37.5        35          40           0             0
    227        11         8         -28.8       -36     -21.6        37.5        35          40           0             0
    228        12         8         -14.4     -21.6      -7.2        37.5        35          40           0             0
    229        13         8   1.42109e-14      -7.2       7.2        37.5        35          40           0             0
    230        14         8          14.4       7.2      21.6        37.5        35          40           0             0
    231        15         8          28.8      21.6        36        37.5        35          40           0             0
    232        16         8          43.2        36      50.4        37.5        35          40           0             0
    233        17         8          57.6      50.4      64.8        37.5        35          40           0             0
    234        18         8            72      64.8      79.2        37.5        35          40           0             0
    235        19         8          86.4      79.2      93.6        37.5        35          40           0             0
    236        20         8         100.8      93.6       108        37.5        35          40           0             0
    237        21         8         115.2       108     122.4        37.5        35          40           0             0
    238        22         8         129.6     122.4     136.8        37.5        35          40       -0.25          0.25
    239        23         8           144     136.8     151.2        37.5        35          40           0             0
    240        24         8         158.4     151.2     165.6        37.5        35          40           0             0
    241        25         8         172.8     165.6       180        37.5        35          40           0             0
