# 2D Histogram Bin Extraction 
#                   
# histogram parameters:  
# ybins      = 8   | ylabel: th_xq_CM [deg] 
# xbins      = 25   | xlabel: phi_xq [deg] 
# ybin width = 5.000 
# xbin width = 14.400 
#                   
# header definitions:
# ib:         (x,y)  bin number 
# xb:         x-axis bin number 
# yb:         y-axis bin number 
# x0:         x-axis central bin value 
# xlow:       x-axis low-edge bin value 
# xup:        x-axis up-edge bin value 
# y0:         y-axis central bin value 
# ylow:       y-axis low-edge bin value 
# yup:        y-axis up-edge bin value 
# zcont:      bin content (z-axis) 
# zcont_err:  bin content error (z-axis) 
#                                        
#! ib[i,0]/  xb[i,1]/  yb[i,2]/  x0[f,3]/  xlow[f,4]/  xup[f,5]/  y0[f,6]/  ylow[f,7]/  yup[f,8]/  zcont[f,9]/  zcont_err[f,10]/  
     28         1         1        -172.8      -180    -165.6         2.5         0           5      219.25       14.9227
     29         2         1        -158.4    -165.6    -151.2         2.5         0           5       239.5       15.6565
     30         3         1          -144    -151.2    -136.8         2.5         0           5      245.75       15.8055
     31         4         1        -129.6    -136.8    -122.4         2.5         0           5      255.75       16.1187
     32         5         1        -115.2    -122.4      -108         2.5         0           5         246       15.9217
     33         6         1        -100.8      -108     -93.6         2.5         0           5         288       17.1537
     34         7         1         -86.4     -93.6     -79.2         2.5         0           5      273.25       16.7463
     35         8         1           -72     -79.2     -64.8         2.5         0           5      255.25       16.1999
     36         9         1         -57.6     -64.8     -50.4         2.5         0           5         273       16.6733
     37        10         1         -43.2     -50.4       -36         2.5         0           5       244.5       15.7361
     38        11         1         -28.8       -36     -21.6         2.5         0           5      247.75       15.9472
     39        12         1         -14.4     -21.6      -7.2         2.5         0           5       218.5        14.929
     40        13         1   1.42109e-14      -7.2       7.2         2.5         0           5      220.75       14.9937
     41        14         1          14.4       7.2      21.6         2.5         0           5      215.75       14.7839
     42        15         1          28.8      21.6        36         2.5         0           5       235.5       15.5282
     43        16         1          43.2        36      50.4         2.5         0           5      219.25       15.0062
     44        17         1          57.6      50.4      64.8         2.5         0           5         247       15.8745
     45        18         1            72      64.8      79.2         2.5         0           5       268.5       16.5944
     46        19         1          86.4      79.2      93.6         2.5         0           5      241.25       15.6824
     47        20         1         100.8      93.6       108         2.5         0           5         266       16.4621
     48        21         1         115.2       108     122.4         2.5         0           5         261       16.3095
     49        22         1         129.6     122.4     136.8         2.5         0           5       245.5       15.8074
     50        23         1           144     136.8     151.2         2.5         0           5      245.75        15.845
     51        24         1         158.4     151.2     165.6         2.5         0           5         226       15.1987
     52        25         1         172.8     165.6       180         2.5         0           5      233.75        15.502
     55         1         2        -172.8      -180    -165.6         7.5         5          10      274.75       16.7351
     56         2         2        -158.4    -165.6    -151.2         7.5         5          10      333.25       18.4509
     57         3         2          -144    -151.2    -136.8         7.5         5          10       347.5       18.8911
     58         4         2        -129.6    -136.8    -122.4         7.5         5          10         416       20.5791
     59         5         2        -115.2    -122.4      -108         7.5         5          10      531.25       23.3117
     60         6         2        -100.8      -108     -93.6         7.5         5          10       567.5       24.0962
     61         7         2         -86.4     -93.6     -79.2         7.5         5          10      617.75        25.111
     62         8         2           -72     -79.2     -64.8         7.5         5          10      525.25       23.2903
     63         9         2         -57.6     -64.8     -50.4         7.5         5          10         490       22.4722
     64        10         2         -43.2     -50.4       -36         7.5         5          10      419.25       20.8011
     65        11         2         -28.8       -36     -21.6         7.5         5          10      304.75       17.8553
     66        12         2         -14.4     -21.6      -7.2         7.5         5          10      303.75       17.7922
     67        13         2   1.42109e-14      -7.2       7.2         7.5         5          10      312.75       17.9043
     68        14         2          14.4       7.2      21.6         7.5         5          10      297.75       17.5873
     69        15         2          28.8      21.6        36         7.5         5          10      331.75       18.5287
     70        16         2          43.2        36      50.4         7.5         5          10      353.25       19.1164
     71        17         2          57.6      50.4      64.8         7.5         5          10      397.25       20.2962
     72        18         2            72      64.8      79.2         7.5         5          10      457.25       21.7529
     73        19         2          86.4      79.2      93.6         7.5         5          10         463       21.7486
     74        20         2         100.8      93.6       108         7.5         5          10      423.75       20.8342
     75        21         2         115.2       108     122.4         7.5         5          10         391       19.9625
     76        22         2         129.6     122.4     136.8         7.5         5          10      332.75       18.4204
     77        23         2           144     136.8     151.2         7.5         5          10         321       18.0901
     78        24         2         158.4     151.2     165.6         7.5         5          10      276.75       16.8319
     79        25         2         172.8     165.6       180         7.5         5          10      270.25       16.5812
     82         1         3        -172.8      -180    -165.6        12.5        10          15        68.5       8.38898
     83         2         3        -158.4    -165.6    -151.2        12.5        10          15       97.75       9.96557
     84         3         3          -144    -151.2    -136.8        12.5        10          15         143        12.114
     85         4         3        -129.6    -136.8    -122.4        12.5        10          15       197.5        14.296
     86         5         3        -115.2    -122.4      -108        12.5        10          15      290.75       17.2428
     87         6         3        -100.8      -108     -93.6        12.5        10          15         440       21.2132
     88         7         3         -86.4     -93.6     -79.2        12.5        10          15      463.25       21.8618
     89         8         3           -72     -79.2     -64.8        12.5        10          15         417       20.7545
     90         9         3         -57.6     -64.8     -50.4        12.5        10          15      330.75       18.5691
     91        10         3         -43.2     -50.4       -36        12.5        10          15      242.25       15.9511
     92        11         3         -28.8       -36     -21.6        12.5        10          15      187.25       14.0334
     93        12         3         -14.4     -21.6      -7.2        12.5        10          15         125       11.4564
     94        13         3   1.42109e-14      -7.2       7.2        12.5        10          15      100.25       10.4253
     95        14         3          14.4       7.2      21.6        12.5        10          15         122       11.4346
     96        15         3          28.8      21.6        36        12.5        10          15      138.75       12.2091
     97        16         3          43.2        36      50.4        12.5        10          15      214.25       15.0478
     98        17         3          57.6      50.4      64.8        12.5        10          15         269       16.8893
     99        18         3            72      64.8      79.2        12.5        10          15      344.25       18.8464
    100        19         3          86.4      79.2      93.6        12.5        10          15       321.5       18.2243
    101        20         3         100.8      93.6       108        12.5        10          15      262.25       16.4146
    102        21         3         115.2       108     122.4        12.5        10          15       203.5       14.4179
    103        22         3         129.6     122.4     136.8        12.5        10          15         181       13.5462
    104        23         3           144     136.8     151.2        12.5        10          15         121       11.0567
    105        24         3         158.4     151.2     165.6        12.5        10          15       82.75          9.25
    106        25         3         172.8     165.6       180        12.5        10          15       59.25       7.83821
    109         1         4        -172.8      -180    -165.6        17.5        15          20        2.25       1.78536
    110         2         4        -158.4    -165.6    -151.2        17.5        15          20          10       3.16228
    111         3         4          -144    -151.2    -136.8        17.5        15          20       17.25       4.26468
    112         4         4        -129.6    -136.8    -122.4        17.5        15          20       27.75       5.29741
    113         5         4        -115.2    -122.4      -108        17.5        15          20        88.5       9.50658
    114         6         4        -100.8      -108     -93.6        17.5        15          20      166.75       13.1173
    115         7         4         -86.4     -93.6     -79.2        17.5        15          20      201.25       14.4806
    116         8         4           -72     -79.2     -64.8        17.5        15          20       213.5       15.0541
    117         9         4         -57.6     -64.8     -50.4        17.5        15          20       170.5       13.5508
    118        10         4         -43.2     -50.4       -36        17.5        15          20        97.5       10.0933
    119        11         4         -28.8       -36     -21.6        17.5        15          20          40       6.80074
    120        12         4         -14.4     -21.6      -7.2        17.5        15          20       23.25       5.28559
    121        13         4   1.42109e-14      -7.2       7.2        17.5        15          20       14.25       4.20565
    122        14         4          14.4       7.2      21.6        17.5        15          20          24       5.26783
    123        15         4          28.8      21.6        36        17.5        15          20        44.5       6.99107
    124        16         4          43.2        36      50.4        17.5        15          20          83       9.64365
    125        17         4          57.6      50.4      64.8        17.5        15          20      127.25       11.8084
    126        18         4            72      64.8      79.2        17.5        15          20       183.5       13.8429
    127        19         4          86.4      79.2      93.6        17.5        15          20      125.75       11.4483
    128        20         4         100.8      93.6       108        17.5        15          20       93.75       9.89002
    129        21         4         115.2       108     122.4        17.5        15          20          63       8.01561
    130        22         4         129.6     122.4     136.8        17.5        15          20       28.75       5.50568
    131        23         4           144     136.8     151.2        17.5        15          20        7.75       2.83945
    132        24         4         158.4     151.2     165.6        17.5        15          20        6.75       2.65754
    133        25         4         172.8     165.6       180        17.5        15          20           6       2.44949
    136         1         5        -172.8      -180    -165.6        22.5        20          25           0             0
    137         2         5        -158.4    -165.6    -151.2        22.5        20          25        0.75       1.03078
    138         3         5          -144    -151.2    -136.8        22.5        20          25           0             0
    139         4         5        -129.6    -136.8    -122.4        22.5        20          25           1             1
    140         5         5        -115.2    -122.4      -108        22.5        20          25           9             3
    141         6         5        -100.8      -108     -93.6        22.5        20          25       21.25       4.71036
    142         7         5         -86.4     -93.6     -79.2        22.5        20          25        50.5       7.23706
    143         8         5           -72     -79.2     -64.8        22.5        20          25       74.75       8.94777
    144         9         5         -57.6     -64.8     -50.4        22.5        20          25        52.5       7.62398
    145        10         5         -43.2     -50.4       -36        22.5        20          25          35       6.42262
    146        11         5         -28.8       -36     -21.6        22.5        20          25          10       3.53553
    147        12         5         -14.4     -21.6      -7.2        22.5        20          25           2       1.41421
    148        13         5   1.42109e-14      -7.2       7.2        22.5        20          25         2.5       1.76777
    149        14         5          14.4       7.2      21.6        22.5        20          25           1             1
    150        15         5          28.8      21.6        36        22.5        20          25        4.25       2.53722
    151        16         5          43.2        36      50.4        22.5        20          25          35       6.22495
    152        17         5          57.6      50.4      64.8        22.5        20          25       45.25       7.41198
    153        18         5            72      64.8      79.2        22.5        20          25        28.5       5.73367
    154        19         5          86.4      79.2      93.6        22.5        20          25       23.75       5.03115
    155        20         5         100.8      93.6       108        22.5        20          25        8.75        3.0104
    156        21         5         115.2       108     122.4        22.5        20          25        6.75       2.65754
    157        22         5         129.6     122.4     136.8        22.5        20          25           0             0
    158        23         5           144     136.8     151.2        22.5        20          25           0             0
    159        24         5         158.4     151.2     165.6        22.5        20          25       -0.25          0.25
    160        25         5         172.8     165.6       180        22.5        20          25           0             0
    163         1         6        -172.8      -180    -165.6        27.5        25          30           0             0
    164         2         6        -158.4    -165.6    -151.2        27.5        25          30           2       1.41421
    165         3         6          -144    -151.2    -136.8        27.5        25          30           0             0
    166         4         6        -129.6    -136.8    -122.4        27.5        25          30           0             0
    167         5         6        -115.2    -122.4      -108        27.5        25          30           0             0
    168         6         6        -100.8      -108     -93.6        27.5        25          30         1.5       1.45774
    169         7         6         -86.4     -93.6     -79.2        27.5        25          30        1.75       1.43614
    170         8         6           -72     -79.2     -64.8        27.5        25          30         3.5       2.03101
    171         9         6         -57.6     -64.8     -50.4        27.5        25          30        8.75        3.0104
    172        10         6         -43.2     -50.4       -36        27.5        25          30         5.5       2.47487
    173        11         6         -28.8       -36     -21.6        27.5        25          30           0             0
    174        12         6         -14.4     -21.6      -7.2        27.5        25          30           0             0
    175        13         6   1.42109e-14      -7.2       7.2        27.5        25          30           0             0
    176        14         6          14.4       7.2      21.6        27.5        25          30           0             0
    177        15         6          28.8      21.6        36        27.5        25          30           1             1
    178        16         6          43.2        36      50.4        27.5        25          30         4.5       2.26385
    179        17         6          57.6      50.4      64.8        27.5        25          30           9       3.20156
    180        18         6            72      64.8      79.2        27.5        25          30        4.25       2.27761
    181        19         6          86.4      79.2      93.6        27.5        25          30           1             1
    182        20         6         100.8      93.6       108        27.5        25          30           0             0
    183        21         6         115.2       108     122.4        27.5        25          30        0.75       1.03078
    184        22         6         129.6     122.4     136.8        27.5        25          30           0             0
    185        23         6           144     136.8     151.2        27.5        25          30           0             0
    186        24         6         158.4     151.2     165.6        27.5        25          30           0             0
    187        25         6         172.8     165.6       180        27.5        25          30       -0.25          0.25
    190         1         7        -172.8      -180    -165.6        32.5        30          35           0             0
    191         2         7        -158.4    -165.6    -151.2        32.5        30          35           0             0
    192         3         7          -144    -151.2    -136.8        32.5        30          35           0             0
    193         4         7        -129.6    -136.8    -122.4        32.5        30          35           0             0
    194         5         7        -115.2    -122.4      -108        32.5        30          35           0             0
    195         6         7        -100.8      -108     -93.6        32.5        30          35           0             0
    196         7         7         -86.4     -93.6     -79.2        32.5        30          35           0             0
    197         8         7           -72     -79.2     -64.8        32.5        30          35       -0.25          0.25
    198         9         7         -57.6     -64.8     -50.4        32.5        30          35           0             0
    199        10         7         -43.2     -50.4       -36        32.5        30          35           1             1
    200        11         7         -28.8       -36     -21.6        32.5        30          35           0             0
    201        12         7         -14.4     -21.6      -7.2        32.5        30          35           0             0
    202        13         7   1.42109e-14      -7.2       7.2        32.5        30          35           0             0
    203        14         7          14.4       7.2      21.6        32.5        30          35           0             0
    204        15         7          28.8      21.6        36        32.5        30          35           0             0
    205        16         7          43.2        36      50.4        32.5        30          35         0.5       1.06066
    206        17         7          57.6      50.4      64.8        32.5        30          35        1.75       1.43614
    207        18         7            72      64.8      79.2        32.5        30          35       -0.25          0.25
    208        19         7          86.4      79.2      93.6        32.5        30          35        0.75       1.03078
    209        20         7         100.8      93.6       108        32.5        30          35           0             0
    210        21         7         115.2       108     122.4        32.5        30          35           0             0
    211        22         7         129.6     122.4     136.8        32.5        30          35           0             0
    212        23         7           144     136.8     151.2        32.5        30          35           0             0
    213        24         7         158.4     151.2     165.6        32.5        30          35           0             0
    214        25         7         172.8     165.6       180        32.5        30          35           0             0
    217         1         8        -172.8      -180    -165.6        37.5        35          40           0             0
    218         2         8        -158.4    -165.6    -151.2        37.5        35          40           0             0
    219         3         8          -144    -151.2    -136.8        37.5        35          40           0             0
    220         4         8        -129.6    -136.8    -122.4        37.5        35          40           0             0
    221         5         8        -115.2    -122.4      -108        37.5        35          40           0             0
    222         6         8        -100.8      -108     -93.6        37.5        35          40           0             0
    223         7         8         -86.4     -93.6     -79.2        37.5        35          40           0             0
    224         8         8           -72     -79.2     -64.8        37.5        35          40           0             0
    225         9         8         -57.6     -64.8     -50.4        37.5        35          40           1             1
    226        10         8         -43.2     -50.4       -36        37.5        35          40           0             0
    227        11         8         -28.8       -36     -21.6        37.5        35          40           0             0
    228        12         8         -14.4     -21.6      -7.2        37.5        35          40           0             0
    229        13         8   1.42109e-14      -7.2       7.2        37.5        35          40           0             0
    230        14         8          14.4       7.2      21.6        37.5        35          40           0             0
    231        15         8          28.8      21.6        36        37.5        35          40           0             0
    232        16         8          43.2        36      50.4        37.5        35          40           0             0
    233        17         8          57.6      50.4      64.8        37.5        35          40           0             0
    234        18         8            72      64.8      79.2        37.5        35          40        -0.5      0.353553
    235        19         8          86.4      79.2      93.6        37.5        35          40           0             0
    236        20         8         100.8      93.6       108        37.5        35          40       -0.25          0.25
    237        21         8         115.2       108     122.4        37.5        35          40           0             0
    238        22         8         129.6     122.4     136.8        37.5        35          40       -0.25          0.25
    239        23         8           144     136.8     151.2        37.5        35          40           1             1
    240        24         8         158.4     151.2     165.6        37.5        35          40           0             0
    241        25         8         172.8     165.6       180        37.5        35          40           1             1
