# 2D Histogram Bin Extraction 
#                   
# histogram parameters:  
# ybins      = 8   | ylabel: th_xq_CM [deg] 
# xbins      = 25   | xlabel: phi_xq [deg] 
# ybin width = 5.000 
# xbin width = 14.400 
#                   
# header definitions:
# ib:         (x,y)  bin number 
# xb:         x-axis bin number 
# yb:         y-axis bin number 
# x0:         x-axis central bin value 
# xlow:       x-axis low-edge bin value 
# xup:        x-axis up-edge bin value 
# y0:         y-axis central bin value 
# ylow:       y-axis low-edge bin value 
# yup:        y-axis up-edge bin value 
# zcont:      bin content (z-axis) 
# zcont_err:  bin content error (z-axis) 
#                                        
#! ib[i,0]/  xb[i,1]/  yb[i,2]/  x0[f,3]/  xlow[f,4]/  xup[f,5]/  y0[f,6]/  ylow[f,7]/  yup[f,8]/  zcont[f,9]/  zcont_err[f,10]/  
     28         1         1        -172.8      -180    -165.6         2.5         0           5       22.25       4.94343
     29         2         1        -158.4    -165.6    -151.2         2.5         0           5          26       5.45436
     30         3         1          -144    -151.2    -136.8         2.5         0           5        20.5       4.73022
     31         4         1        -129.6    -136.8    -122.4         2.5         0           5       28.25       5.51702
     32         5         1        -115.2    -122.4      -108         2.5         0           5       40.25       6.60965
     33         6         1        -100.8      -108     -93.6         2.5         0           5          32       6.08276
     34         7         1         -86.4     -93.6     -79.2         2.5         0           5        36.5       6.29484
     35         8         1           -72     -79.2     -64.8         2.5         0           5       27.75          5.75
     36         9         1         -57.6     -64.8     -50.4         2.5         0           5          36       6.30476
     37        10         1         -43.2     -50.4       -36         2.5         0           5        20.5       4.86056
     38        11         1         -28.8       -36     -21.6         2.5         0           5       35.75         6.408
     39        12         1         -14.4     -21.6      -7.2         2.5         0           5        17.5       4.67707
     40        13         1   1.42109e-14      -7.2       7.2         2.5         0           5       35.25       6.31961
     41        14         1          14.4       7.2      21.6         2.5         0           5        19.5       5.13566
     42        15         1          28.8      21.6        36         2.5         0           5       28.25       5.73912
     43        16         1          43.2        36      50.4         2.5         0           5       16.25       4.43706
     44        17         1          57.6      50.4      64.8         2.5         0           5       24.75       5.36773
     45        18         1            72      64.8      79.2         2.5         0           5       33.25       6.05702
     46        19         1          86.4      79.2      93.6         2.5         0           5          23       5.17204
     47        20         1         100.8      93.6       108         2.5         0           5       17.25        4.4088
     48        21         1         115.2       108     122.4         2.5         0           5       22.25       4.94343
     49        22         1         129.6     122.4     136.8         2.5         0           5       23.25       4.91808
     50        23         1           144     136.8     151.2         2.5         0           5        27.5       5.53399
     51        24         1         158.4     151.2     165.6         2.5         0           5       28.25       5.51702
     52        25         1         172.8     165.6       180         2.5         0           5       24.25       5.14174
     55         1         2        -172.8      -180    -165.6         7.5         5          10       34.75       6.32949
     56         2         2        -158.4    -165.6    -151.2         7.5         5          10        32.5       5.96867
     57         3         2          -144    -151.2    -136.8         7.5         5          10        31.5       5.77711
     58         4         2        -129.6    -136.8    -122.4         7.5         5          10       38.25       6.45659
     59         5         2        -115.2    -122.4      -108         7.5         5          10       39.75       6.71286
     60         6         2        -100.8      -108     -93.6         7.5         5          10       73.75       9.10014
     61         7         2         -86.4     -93.6     -79.2         7.5         5          10        55.5       8.13173
     62         8         2           -72     -79.2     -64.8         7.5         5          10       81.25       9.66631
     63         9         2         -57.6     -64.8     -50.4         7.5         5          10       51.75       7.95692
     64        10         2         -43.2     -50.4       -36         7.5         5          10       42.75        7.3697
     65        11         2         -28.8       -36     -21.6         7.5         5          10          54       7.92149
     66        12         2         -14.4     -21.6      -7.2         7.5         5          10       46.25        7.3951
     67        13         2   1.42109e-14      -7.2       7.2         7.5         5          10          43       7.01783
     68        14         2          14.4       7.2      21.6         7.5         5          10          35        6.5192
     69        15         2          28.8      21.6        36         7.5         5          10        47.5       7.37394
     70        16         2          43.2        36      50.4         7.5         5          10          60       8.51469
     71        17         2          57.6      50.4      64.8         7.5         5          10       61.75       8.48896
     72        18         2            72      64.8      79.2         7.5         5          10       49.25       7.59523
     73        19         2          86.4      79.2      93.6         7.5         5          10        60.5       8.43356
     74        20         2         100.8      93.6       108         7.5         5          10       61.75       8.41502
     75        21         2         115.2       108     122.4         7.5         5          10        47.5       7.37394
     76        22         2         129.6     122.4     136.8         7.5         5          10       54.25       7.59523
     77        23         2           144     136.8     151.2         7.5         5          10        36.5       6.39336
     78        24         2         158.4     151.2     165.6         7.5         5          10          27       5.31507
     79        25         2         172.8     165.6       180         7.5         5          10          22       4.94975
     82         1         3        -172.8      -180    -165.6        12.5        10          15           3       2.06155
     83         2         3        -158.4    -165.6    -151.2        12.5        10          15       12.75       3.61421
     84         3         3          -144    -151.2    -136.8        12.5        10          15          17         4.272
     85         4         3        -129.6    -136.8    -122.4        12.5        10          15       29.75       5.59576
     86         5         3        -115.2    -122.4      -108        12.5        10          15          33       6.16441
     87         6         3        -100.8      -108     -93.6        12.5        10          15          56       7.96869
     88         7         3         -86.4     -93.6     -79.2        12.5        10          15        46.5       7.88194
     89         8         3           -72     -79.2     -64.8        12.5        10          15       76.25       9.40412
     90         9         3         -57.6     -64.8     -50.4        12.5        10          15       48.75       7.76611
     91        10         3         -43.2     -50.4       -36        12.5        10          15       34.75        6.6191
     92        11         3         -28.8       -36     -21.6        12.5        10          15          18       5.04975
     93        12         3         -14.4     -21.6      -7.2        12.5        10          15       24.25       5.37936
     94        13         3   1.42109e-14      -7.2       7.2        12.5        10          15        14.5       4.75657
     95        14         3          14.4       7.2      21.6        12.5        10          15        11.5       4.13824
     96        15         3          28.8      21.6        36        12.5        10          15        18.5       5.15994
     97        16         3          43.2        36      50.4        12.5        10          15        33.5       6.64267
     98        17         3          57.6      50.4      64.8        12.5        10          15       50.25       7.90174
     99        18         3            72      64.8      79.2        12.5        10          15          62       8.55862
    100        19         3          86.4      79.2      93.6        12.5        10          15        37.5       6.93722
    101        20         3         100.8      93.6       108        12.5        10          15       44.75       6.98659
    102        21         3         115.2       108     122.4        12.5        10          15       34.25       6.13901
    103        22         3         129.6     122.4     136.8        12.5        10          15          26       5.45436
    104        23         3           144     136.8     151.2        12.5        10          15       11.25       3.66572
    105        24         3         158.4     151.2     165.6        12.5        10          15        16.5       4.13824
    106        25         3         172.8     165.6       180        12.5        10          15        9.75       3.17214
    109         1         4        -172.8      -180    -165.6        17.5        15          20           0             0
    110         2         4        -158.4    -165.6    -151.2        17.5        15          20           0             0
    111         3         4          -144    -151.2    -136.8        17.5        15          20           3       1.73205
    112         4         4        -129.6    -136.8    -122.4        17.5        15          20           6       2.44949
    113         5         4        -115.2    -122.4      -108        17.5        15          20        12.5       3.79144
    114         6         4        -100.8      -108     -93.6        17.5        15          20       21.25       4.84123
    115         7         4         -86.4     -93.6     -79.2        17.5        15          20        39.5       6.71751
    116         8         4           -72     -79.2     -64.8        17.5        15          20        39.5       7.16764
    117         9         4         -57.6     -64.8     -50.4        17.5        15          20       28.75        6.4469
    118        10         4         -43.2     -50.4       -36        17.5        15          20          14           4.5
    119        11         4         -28.8       -36     -21.6        17.5        15          20        12.5       3.79144
    120        12         4         -14.4     -21.6      -7.2        17.5        15          20        2.25       2.10654
    121        13         4   1.42109e-14      -7.2       7.2        17.5        15          20         4.5       2.76134
    122        14         4          14.4       7.2      21.6        17.5        15          20           6       2.69258
    123        15         4          28.8      21.6        36        17.5        15          20        1.25       2.16506
    124        16         4          43.2        36      50.4        17.5        15          20       16.25       4.71036
    125        17         4          57.6      50.4      64.8        17.5        15          20          24       5.61249
    126        18         4            72      64.8      79.2        17.5        15          20       22.25       5.53963
    127        19         4          86.4      79.2      93.6        17.5        15          20       28.75       5.83631
    128        20         4         100.8      93.6       108        17.5        15          20          27       5.31507
    129        21         4         115.2       108     122.4        17.5        15          20         3.5        2.3184
    130        22         4         129.6     122.4     136.8        17.5        15          20           8       2.82843
    131        23         4           144     136.8     151.2        17.5        15          20         3.5       2.03101
    132        24         4         158.4     151.2     165.6        17.5        15          20           1             1
    133        25         4         172.8     165.6       180        17.5        15          20           0             0
    136         1         5        -172.8      -180    -165.6        22.5        20          25       -0.25          0.25
    137         2         5        -158.4    -165.6    -151.2        22.5        20          25           0             0
    138         3         5          -144    -151.2    -136.8        22.5        20          25           0             0
    139         4         5        -129.6    -136.8    -122.4        22.5        20          25           0             0
    140         5         5        -115.2    -122.4      -108        22.5        20          25           4             2
    141         6         5        -100.8      -108     -93.6        22.5        20          25        8.75        3.0104
    142         7         5         -86.4     -93.6     -79.2        22.5        20          25       11.75       3.64863
    143         8         5           -72     -79.2     -64.8        22.5        20          25       11.75       4.13068
    144         9         5         -57.6     -64.8     -50.4        22.5        20          25       13.25       4.23527
    145        10         5         -43.2     -50.4       -36        22.5        20          25        3.25       2.04634
    146        11         5         -28.8       -36     -21.6        22.5        20          25       -0.25          0.25
    147        12         5         -14.4     -21.6      -7.2        22.5        20          25           0             0
    148        13         5   1.42109e-14      -7.2       7.2        22.5        20          25           1             1
    149        14         5          14.4       7.2      21.6        22.5        20          25           0             0
    150        15         5          28.8      21.6        36        22.5        20          25           0             0
    151        16         5          43.2        36      50.4        22.5        20          25           6       2.91548
    152        17         5          57.6      50.4      64.8        22.5        20          25       15.75       4.45112
    153        18         5            72      64.8      79.2        22.5        20          25        9.25        3.7333
    154        19         5          86.4      79.2      93.6        22.5        20          25        7.25       3.07205
    155        20         5         100.8      93.6       108        22.5        20          25        5.75       2.46221
    156        21         5         115.2       108     122.4        22.5        20          25           0             0
    157        22         5         129.6     122.4     136.8        22.5        20          25           0             0
    158        23         5           144     136.8     151.2        22.5        20          25           0             0
    159        24         5         158.4     151.2     165.6        22.5        20          25           0             0
    160        25         5         172.8     165.6       180        22.5        20          25           0             0
    163         1         6        -172.8      -180    -165.6        27.5        25          30           0             0
    164         2         6        -158.4    -165.6    -151.2        27.5        25          30           0             0
    165         3         6          -144    -151.2    -136.8        27.5        25          30           0             0
    166         4         6        -129.6    -136.8    -122.4        27.5        25          30           0             0
    167         5         6        -115.2    -122.4      -108        27.5        25          30           0             0
    168         6         6        -100.8      -108     -93.6        27.5        25          30           0             0
    169         7         6         -86.4     -93.6     -79.2        27.5        25          30           1             1
    170         8         6           -72     -79.2     -64.8        27.5        25          30        0.25       1.08972
    171         9         6         -57.6     -64.8     -50.4        27.5        25          30         4.5       2.26385
    172        10         6         -43.2     -50.4       -36        27.5        25          30        -0.5      0.353553
    173        11         6         -28.8       -36     -21.6        27.5        25          30           0             0
    174        12         6         -14.4     -21.6      -7.2        27.5        25          30           0             0
    175        13         6   1.42109e-14      -7.2       7.2        27.5        25          30           0             0
    176        14         6          14.4       7.2      21.6        27.5        25          30           0             0
    177        15         6          28.8      21.6        36        27.5        25          30           0             0
    178        16         6          43.2        36      50.4        27.5        25          30         0.5       1.06066
    179        17         6          57.6      50.4      64.8        27.5        25          30        1.75       1.43614
    180        18         6            72      64.8      79.2        27.5        25          30           2       1.41421
    181        19         6          86.4      79.2      93.6        27.5        25          30        0.25       1.08972
    182        20         6         100.8      93.6       108        27.5        25          30           0             0
    183        21         6         115.2       108     122.4        27.5        25          30           0             0
    184        22         6         129.6     122.4     136.8        27.5        25          30           1             1
    185        23         6           144     136.8     151.2        27.5        25          30       -0.25          0.25
    186        24         6         158.4     151.2     165.6        27.5        25          30           0             0
    187        25         6         172.8     165.6       180        27.5        25          30           0             0
    190         1         7        -172.8      -180    -165.6        32.5        30          35       -0.25          0.25
    191         2         7        -158.4    -165.6    -151.2        32.5        30          35           0             0
    192         3         7          -144    -151.2    -136.8        32.5        30          35           0             0
    193         4         7        -129.6    -136.8    -122.4        32.5        30          35           0             0
    194         5         7        -115.2    -122.4      -108        32.5        30          35           0             0
    195         6         7        -100.8      -108     -93.6        32.5        30          35           0             0
    196         7         7         -86.4     -93.6     -79.2        32.5        30          35           0             0
    197         8         7           -72     -79.2     -64.8        32.5        30          35           1             1
    198         9         7         -57.6     -64.8     -50.4        32.5        30          35           0             0
    199        10         7         -43.2     -50.4       -36        32.5        30          35           0             0
    200        11         7         -28.8       -36     -21.6        32.5        30          35           0             0
    201        12         7         -14.4     -21.6      -7.2        32.5        30          35           0             0
    202        13         7   1.42109e-14      -7.2       7.2        32.5        30          35           0             0
    203        14         7          14.4       7.2      21.6        32.5        30          35           0             0
    204        15         7          28.8      21.6        36        32.5        30          35           0             0
    205        16         7          43.2        36      50.4        32.5        30          35       -0.25          0.25
    206        17         7          57.6      50.4      64.8        32.5        30          35           0             0
    207        18         7            72      64.8      79.2        32.5        30          35        -0.5      0.353553
    208        19         7          86.4      79.2      93.6        32.5        30          35           0             0
    209        20         7         100.8      93.6       108        32.5        30          35       -0.25          0.25
    210        21         7         115.2       108     122.4        32.5        30          35           0             0
    211        22         7         129.6     122.4     136.8        32.5        30          35       -0.25          0.25
    212        23         7           144     136.8     151.2        32.5        30          35           0             0
    213        24         7         158.4     151.2     165.6        32.5        30          35           0             0
    214        25         7         172.8     165.6       180        32.5        30          35           0             0
    217         1         8        -172.8      -180    -165.6        37.5        35          40           0             0
    218         2         8        -158.4    -165.6    -151.2        37.5        35          40           0             0
    219         3         8          -144    -151.2    -136.8        37.5        35          40           0             0
    220         4         8        -129.6    -136.8    -122.4        37.5        35          40           0             0
    221         5         8        -115.2    -122.4      -108        37.5        35          40           0             0
    222         6         8        -100.8      -108     -93.6        37.5        35          40           0             0
    223         7         8         -86.4     -93.6     -79.2        37.5        35          40           0             0
    224         8         8           -72     -79.2     -64.8        37.5        35          40           0             0
    225         9         8         -57.6     -64.8     -50.4        37.5        35          40           0             0
    226        10         8         -43.2     -50.4       -36        37.5        35          40           0             0
    227        11         8         -28.8       -36     -21.6        37.5        35          40           0             0
    228        12         8         -14.4     -21.6      -7.2        37.5        35          40       -0.25          0.25
    229        13         8   1.42109e-14      -7.2       7.2        37.5        35          40           0             0
    230        14         8          14.4       7.2      21.6        37.5        35          40       -0.25          0.25
    231        15         8          28.8      21.6        36        37.5        35          40           0             0
    232        16         8          43.2        36      50.4        37.5        35          40           0             0
    233        17         8          57.6      50.4      64.8        37.5        35          40       -0.25          0.25
    234        18         8            72      64.8      79.2        37.5        35          40           0             0
    235        19         8          86.4      79.2      93.6        37.5        35          40       -0.25          0.25
    236        20         8         100.8      93.6       108        37.5        35          40           0             0
    237        21         8         115.2       108     122.4        37.5        35          40           0             0
    238        22         8         129.6     122.4     136.8        37.5        35          40           0             0
    239        23         8           144     136.8     151.2        37.5        35          40           0             0
    240        24         8         158.4     151.2     165.6        37.5        35          40           0             0
    241        25         8         172.8     165.6       180        37.5        35          40           0             0
