# 2D Histogram Bin Extraction 
#                   
# histogram parameters:  
# ybins      = 8   | ylabel: th_xq_CM [deg] 
# xbins      = 25   | xlabel: phi_xq [deg] 
# ybin width = 5.000 
# xbin width = 14.400 
#                   
# header definitions:
# ib:         (x,y)  bin number 
# xb:         x-axis bin number 
# yb:         y-axis bin number 
# x0:         x-axis central bin value 
# xlow:       x-axis low-edge bin value 
# xup:        x-axis up-edge bin value 
# y0:         y-axis central bin value 
# ylow:       y-axis low-edge bin value 
# yup:        y-axis up-edge bin value 
# zcont:      bin content (z-axis) 
# zcont_err:  bin content error (z-axis) 
#                                        
#! ib[i,0]/  xb[i,1]/  yb[i,2]/  x0[f,3]/  xlow[f,4]/  xup[f,5]/  y0[f,6]/  ylow[f,7]/  yup[f,8]/  zcont[f,9]/  zcont_err[f,10]/  
     28         1         1        -172.8      -180    -165.6         2.5         0           5      220.75       15.0354
     29         2         1        -158.4    -165.6    -151.2         2.5         0           5       227.5       15.2684
     30         3         1          -144    -151.2    -136.8         2.5         0           5      240.25       15.6505
     31         4         1        -129.6    -136.8    -122.4         2.5         0           5         276       16.7631
     32         5         1        -115.2    -122.4      -108         2.5         0           5      257.75       16.1806
     33         6         1        -100.8      -108     -93.6         2.5         0           5      271.25       16.7239
     34         7         1         -86.4     -93.6     -79.2         2.5         0           5      265.75        16.426
     35         8         1           -72     -79.2     -64.8         2.5         0           5      223.75       15.1761
     36         9         1         -57.6     -64.8     -50.4         2.5         0           5      261.75        16.342
     37        10         1         -43.2     -50.4       -36         2.5         0           5         225       15.1658
     38        11         1         -28.8       -36     -21.6         2.5         0           5       238.5       15.6245
     39        12         1         -14.4     -21.6      -7.2         2.5         0           5      200.25       14.3156
     40        13         1   1.42109e-14      -7.2       7.2         2.5         0           5      210.75       14.8261
     41        14         1          14.4       7.2      21.6         2.5         0           5      219.75       15.0437
     42        15         1          28.8      21.6        36         2.5         0           5      220.25       14.9979
     43        16         1          43.2        36      50.4         2.5         0           5      233.25        15.506
     44        17         1          57.6      50.4      64.8         2.5         0           5       213.5        14.845
     45        18         1            72      64.8      79.2         2.5         0           5         257       16.1864
     46        19         1          86.4      79.2      93.6         2.5         0           5      253.75       16.1342
     47        20         1         100.8      93.6       108         2.5         0           5      207.25       14.5581
     48        21         1         115.2       108     122.4         2.5         0           5       232.5       15.4717
     49        22         1         129.6     122.4     136.8         2.5         0           5      221.25       15.1141
     50        23         1           144     136.8     151.2         2.5         0           5      230.25       15.3684
     51        24         1         158.4     151.2     165.6         2.5         0           5         221       15.0333
     52        25         1         172.8     165.6       180         2.5         0           5      235.25       15.4495
     55         1         2        -172.8      -180    -165.6         7.5         5          10      285.25       17.0642
     56         2         2        -158.4    -165.6    -151.2         7.5         5          10       288.5       17.1865
     57         3         2          -144    -151.2    -136.8         7.5         5          10         359       19.2094
     58         4         2        -129.6    -136.8    -122.4         7.5         5          10         436       21.1187
     59         5         2        -115.2    -122.4      -108         7.5         5          10       510.5       22.8008
     60         6         2        -100.8      -108     -93.6         7.5         5          10       624.5        25.276
     61         7         2         -86.4     -93.6     -79.2         7.5         5          10      545.75       23.6868
     62         8         2           -72     -79.2     -64.8         7.5         5          10         554       23.8537
     63         9         2         -57.6     -64.8     -50.4         7.5         5          10         447       21.4942
     64        10         2         -43.2     -50.4       -36         7.5         5          10         374       19.6914
     65        11         2         -28.8       -36     -21.6         7.5         5          10       351.5       18.9967
     66        12         2         -14.4     -21.6      -7.2         7.5         5          10         291       17.5642
     67        13         2   1.42109e-14      -7.2       7.2         7.5         5          10      258.75       16.4792
     68        14         2          14.4       7.2      21.6         7.5         5          10      288.25       17.3692
     69        15         2          28.8      21.6        36         7.5         5          10      360.75       19.3923
     70        16         2          43.2        36      50.4         7.5         5          10         380       19.8431
     71        17         2          57.6      50.4      64.8         7.5         5          10      385.75       19.9327
     72        18         2            72      64.8      79.2         7.5         5          10      435.25       21.2117
     73        19         2          86.4      79.2      93.6         7.5         5          10      460.75       21.7328
     74        20         2         100.8      93.6       108         7.5         5          10         428       20.9881
     75        21         2         115.2       108     122.4         7.5         5          10       420.5       20.7635
     76        22         2         129.6     122.4     136.8         7.5         5          10      357.25       19.0902
     77        23         2           144     136.8     151.2         7.5         5          10       317.5       18.0451
     78        24         2         158.4     151.2     165.6         7.5         5          10         308       17.7623
     79        25         2         172.8     165.6       180         7.5         5          10         275       16.7705
     82         1         3        -172.8      -180    -165.6        12.5        10          15       71.75       8.56227
     83         2         3        -158.4    -165.6    -151.2        12.5        10          15          99       10.1366
     84         3         3          -144    -151.2    -136.8        12.5        10          15         142       12.1244
     85         4         3        -129.6    -136.8    -122.4        12.5        10          15      241.25       15.7222
     86         5         3        -115.2    -122.4      -108        12.5        10          15      282.25       17.0129
     87         6         3        -100.8      -108     -93.6        12.5        10          15       393.5       20.0406
     88         7         3         -86.4     -93.6     -79.2        12.5        10          15      462.25       21.8389
     89         8         3           -72     -79.2     -64.8        12.5        10          15      442.75       21.4607
     90         9         3         -57.6     -64.8     -50.4        12.5        10          15       341.5       18.9967
     91        10         3         -43.2     -50.4       -36        12.5        10          15      194.25       14.4978
     92        11         3         -28.8       -36     -21.6        12.5        10          15      185.25       14.0957
     93        12         3         -14.4     -21.6      -7.2        12.5        10          15       92.25       10.1581
     94        13         3   1.42109e-14      -7.2       7.2        12.5        10          15      115.25       11.1215
     95        14         3          14.4       7.2      21.6        12.5        10          15       112.5       11.1524
     96        15         3          28.8      21.6        36        12.5        10          15      157.25       12.9687
     97        16         3          43.2        36      50.4        12.5        10          15       194.5       14.4525
     98        17         3          57.6      50.4      64.8        12.5        10          15       267.5       16.7519
     99        18         3            72      64.8      79.2        12.5        10          15      341.25       18.8994
    100        19         3          86.4      79.2      93.6        12.5        10          15         283       17.1537
    101        20         3         100.8      93.6       108        12.5        10          15      284.25       17.1081
    102        21         3         115.2       108     122.4        12.5        10          15      213.25       14.8471
    103        22         3         129.6     122.4     136.8        12.5        10          15         141        12.083
    104        23         3           144     136.8     151.2        12.5        10          15      116.25       10.9402
    105        24         3         158.4     151.2     165.6        12.5        10          15          97       9.91211
    106        25         3         172.8     165.6       180        12.5        10          15        74.5       8.66747
    109         1         4        -172.8      -180    -165.6        17.5        15          20           6       2.44949
    110         2         4        -158.4    -165.6    -151.2        17.5        15          20        4.75          2.25
    111         3         4          -144    -151.2    -136.8        17.5        15          20       24.75       5.00625
    112         4         4        -129.6    -136.8    -122.4        17.5        15          20          30       5.59017
    113         5         4        -115.2    -122.4      -108        17.5        15          20       86.75       9.46375
    114         6         4        -100.8      -108     -93.6        17.5        15          20       156.5       12.7818
    115         7         4         -86.4     -93.6     -79.2        17.5        15          20         216       15.0748
    116         8         4           -72     -79.2     -64.8        17.5        15          20         203       14.6799
    117         9         4         -57.6     -64.8     -50.4        17.5        15          20      126.75       11.7074
    118        10         4         -43.2     -50.4       -36        17.5        15          20       81.75       9.72433
    119        11         4         -28.8       -36     -21.6        17.5        15          20        41.5       6.95521
    120        12         4         -14.4     -21.6      -7.2        17.5        15          20       31.75       5.87899
    121        13         4   1.42109e-14      -7.2       7.2        17.5        15          20       18.75       4.50694
    122        14         4          14.4       7.2      21.6        17.5        15          20        31.5       6.09303
    123        15         4          28.8      21.6        36        17.5        15          20        51.5       7.55811
    124        16         4          43.2        36      50.4        17.5        15          20          95       10.4283
    125        17         4          57.6      50.4      64.8        17.5        15          20      128.25       12.1115
    126        18         4            72      64.8      79.2        17.5        15          20       174.5       13.5601
    127        19         4          86.4      79.2      93.6        17.5        15          20      126.25       11.4428
    128        20         4         100.8      93.6       108        17.5        15          20         101       10.1735
    129        21         4         115.2       108     122.4        17.5        15          20       39.25        6.4372
    130        22         4         129.6     122.4     136.8        17.5        15          20       24.75       5.00625
    131        23         4           144     136.8     151.2        17.5        15          20       15.25       4.02337
    132        24         4         158.4     151.2     165.6        17.5        15          20           5       2.23607
    133        25         4         172.8     165.6       180        17.5        15          20        1.75       1.43614
    136         1         5        -172.8      -180    -165.6        22.5        20          25           0             0
    137         2         5        -158.4    -165.6    -151.2        22.5        20          25           0             0
    138         3         5          -144    -151.2    -136.8        22.5        20          25           0             0
    139         4         5        -129.6    -136.8    -122.4        22.5        20          25           1             1
    140         5         5        -115.2    -122.4      -108        22.5        20          25        2.25       1.78536
    141         6         5        -100.8      -108     -93.6        22.5        20          25        26.5       5.20817
    142         7         5         -86.4     -93.6     -79.2        22.5        20          25        55.5       7.57463
    143         8         5           -72     -79.2     -64.8        22.5        20          25       70.75       8.93378
    144         9         5         -57.6     -64.8     -50.4        22.5        20          25          46       7.22842
    145        10         5         -43.2     -50.4       -36        22.5        20          25        27.5       5.75543
    146        11         5         -28.8       -36     -21.6        22.5        20          25        7.25       3.07205
    147        12         5         -14.4     -21.6      -7.2        22.5        20          25        2.75          1.75
    148        13         5   1.42109e-14      -7.2       7.2        22.5        20          25           0             0
    149        14         5          14.4       7.2      21.6        22.5        20          25        1.75       1.43614
    150        15         5          28.8      21.6        36        22.5        20          25         8.5       3.22102
    151        16         5          43.2        36      50.4        22.5        20          25        39.5       6.71751
    152        17         5          57.6      50.4      64.8        22.5        20          25        51.5       7.64035
    153        18         5            72      64.8      79.2        22.5        20          25       35.75       6.30971
    154        19         5          86.4      79.2      93.6        22.5        20          25       27.75        5.4141
    155        20         5         100.8      93.6       108        22.5        20          25       10.25       3.34477
    156        21         5         115.2       108     122.4        22.5        20          25        2.25       1.78536
    157        22         5         129.6     122.4     136.8        22.5        20          25           1             1
    158        23         5           144     136.8     151.2        22.5        20          25           0             0
    159        24         5         158.4     151.2     165.6        22.5        20          25           0             0
    160        25         5         172.8     165.6       180        22.5        20          25           1             1
    163         1         6        -172.8      -180    -165.6        27.5        25          30           0             0
    164         2         6        -158.4    -165.6    -151.2        27.5        25          30           0             0
    165         3         6          -144    -151.2    -136.8        27.5        25          30           0             0
    166         4         6        -129.6    -136.8    -122.4        27.5        25          30           0             0
    167         5         6        -115.2    -122.4      -108        27.5        25          30           0             0
    168         6         6        -100.8      -108     -93.6        27.5        25          30           0             0
    169         7         6         -86.4     -93.6     -79.2        27.5        25          30           4             2
    170         8         6           -72     -79.2     -64.8        27.5        25          30        1.75       1.43614
    171         9         6         -57.6     -64.8     -50.4        27.5        25          30       10.75       3.50892
    172        10         6         -43.2     -50.4       -36        27.5        25          30           4       2.29129
    173        11         6         -28.8       -36     -21.6        27.5        25          30         0.5       1.06066
    174        12         6         -14.4     -21.6      -7.2        27.5        25          30           1             1
    175        13         6   1.42109e-14      -7.2       7.2        27.5        25          30           1             1
    176        14         6          14.4       7.2      21.6        27.5        25          30           0             0
    177        15         6          28.8      21.6        36        27.5        25          30           1             1
    178        16         6          43.2        36      50.4        27.5        25          30         4.5       2.52488
    179        17         6          57.6      50.4      64.8        27.5        25          30           8       3.04138
    180        18         6            72      64.8      79.2        27.5        25          30        4.75          2.25
    181        19         6          86.4      79.2      93.6        27.5        25          30        0.75       1.52069
    182        20         6         100.8      93.6       108        27.5        25          30           0             0
    183        21         6         115.2       108     122.4        27.5        25          30           1             1
    184        22         6         129.6     122.4     136.8        27.5        25          30        0.75       1.03078
    185        23         6           144     136.8     151.2        27.5        25          30           0             0
    186        24         6         158.4     151.2     165.6        27.5        25          30           0             0
    187        25         6         172.8     165.6       180        27.5        25          30           0             0
    190         1         7        -172.8      -180    -165.6        32.5        30          35           0             0
    191         2         7        -158.4    -165.6    -151.2        32.5        30          35           0             0
    192         3         7          -144    -151.2    -136.8        32.5        30          35           0             0
    193         4         7        -129.6    -136.8    -122.4        32.5        30          35           0             0
    194         5         7        -115.2    -122.4      -108        32.5        30          35           0             0
    195         6         7        -100.8      -108     -93.6        32.5        30          35           0             0
    196         7         7         -86.4     -93.6     -79.2        32.5        30          35           0             0
    197         8         7           -72     -79.2     -64.8        32.5        30          35           0             0
    198         9         7         -57.6     -64.8     -50.4        32.5        30          35           1             1
    199        10         7         -43.2     -50.4       -36        32.5        30          35       -0.25          0.25
    200        11         7         -28.8       -36     -21.6        32.5        30          35           0             0
    201        12         7         -14.4     -21.6      -7.2        32.5        30          35           0             0
    202        13         7   1.42109e-14      -7.2       7.2        32.5        30          35           0             0
    203        14         7          14.4       7.2      21.6        32.5        30          35           0             0
    204        15         7          28.8      21.6        36        32.5        30          35           0             0
    205        16         7          43.2        36      50.4        32.5        30          35        -0.5      0.353553
    206        17         7          57.6      50.4      64.8        32.5        30          35       -0.25          0.25
    207        18         7            72      64.8      79.2        32.5        30          35        0.75       1.03078
    208        19         7          86.4      79.2      93.6        32.5        30          35           1             1
    209        20         7         100.8      93.6       108        32.5        30          35           0             0
    210        21         7         115.2       108     122.4        32.5        30          35           2       1.41421
    211        22         7         129.6     122.4     136.8        32.5        30          35           0             0
    212        23         7           144     136.8     151.2        32.5        30          35           0             0
    213        24         7         158.4     151.2     165.6        32.5        30          35           0             0
    214        25         7         172.8     165.6       180        32.5        30          35           1             1
    217         1         8        -172.8      -180    -165.6        37.5        35          40       -0.25          0.25
    218         2         8        -158.4    -165.6    -151.2        37.5        35          40           0             0
    219         3         8          -144    -151.2    -136.8        37.5        35          40           0             0
    220         4         8        -129.6    -136.8    -122.4        37.5        35          40           0             0
    221         5         8        -115.2    -122.4      -108        37.5        35          40           0             0
    222         6         8        -100.8      -108     -93.6        37.5        35          40           0             0
    223         7         8         -86.4     -93.6     -79.2        37.5        35          40           0             0
    224         8         8           -72     -79.2     -64.8        37.5        35          40           0             0
    225         9         8         -57.6     -64.8     -50.4        37.5        35          40       -0.25          0.25
    226        10         8         -43.2     -50.4       -36        37.5        35          40       -0.25          0.25
    227        11         8         -28.8       -36     -21.6        37.5        35          40           0             0
    228        12         8         -14.4     -21.6      -7.2        37.5        35          40           0             0
    229        13         8   1.42109e-14      -7.2       7.2        37.5        35          40           0             0
    230        14         8          14.4       7.2      21.6        37.5        35          40           0             0
    231        15         8          28.8      21.6        36        37.5        35          40           0             0
    232        16         8          43.2        36      50.4        37.5        35          40           0             0
    233        17         8          57.6      50.4      64.8        37.5        35          40        -0.5      0.353553
    234        18         8            72      64.8      79.2        37.5        35          40           0             0
    235        19         8          86.4      79.2      93.6        37.5        35          40           1             1
    236        20         8         100.8      93.6       108        37.5        35          40       -0.25          0.25
    237        21         8         115.2       108     122.4        37.5        35          40           0             0
    238        22         8         129.6     122.4     136.8        37.5        35          40           0             0
    239        23         8           144     136.8     151.2        37.5        35          40           0             0
    240        24         8         158.4     151.2     165.6        37.5        35          40       -0.25          0.25
    241        25         8         172.8     165.6       180        37.5        35          40           0             0
