# 2D Histogram Bin Extraction 
#                   
# histogram parameters:  
# ybins      = 8   | ylabel: th_xq_CM [deg] 
# xbins      = 25   | xlabel: phi_xq [deg] 
# ybin width = 5.000 
# xbin width = 14.400 
#                   
# header definitions:
# ib:         (x,y)  bin number 
# xb:         x-axis bin number 
# yb:         y-axis bin number 
# x0:         x-axis central bin value 
# xlow:       x-axis low-edge bin value 
# xup:        x-axis up-edge bin value 
# y0:         y-axis central bin value 
# ylow:       y-axis low-edge bin value 
# yup:        y-axis up-edge bin value 
# zcont:      bin content (z-axis) 
# zcont_err:  bin content error (z-axis) 
#                                        
#! ib[i,0]/  xb[i,1]/  yb[i,2]/  x0[f,3]/  xlow[f,4]/  xup[f,5]/  y0[f,6]/  ylow[f,7]/  yup[f,8]/  zcont[f,9]/  zcont_err[f,10]/  
     28         1         1        -172.8      -180    -165.6         2.5         0           5      210.25       14.6607
     29         2         1        -158.4    -165.6    -151.2         2.5         0           5         218       14.9332
     30         3         1          -144    -151.2    -136.8         2.5         0           5         221       14.9917
     31         4         1        -129.6    -136.8    -122.4         2.5         0           5       221.5       15.1121
     32         5         1        -115.2    -122.4      -108         2.5         0           5      214.75       14.8345
     33         6         1        -100.8      -108     -93.6         2.5         0           5       228.5       15.2602
     34         7         1         -86.4     -93.6     -79.2         2.5         0           5      228.25       15.2213
     35         8         1           -72     -79.2     -64.8         2.5         0           5      211.25       14.7373
     36         9         1         -57.6     -64.8     -50.4         2.5         0           5       203.5       14.4612
     37        10         1         -43.2     -50.4       -36         2.5         0           5         203       14.3353
     38        11         1         -28.8       -36     -21.6         2.5         0           5      227.75       15.3073
     39        12         1         -14.4     -21.6      -7.2         2.5         0           5      195.75       14.1355
     40        13         1   1.42109e-14      -7.2       7.2         2.5         0           5      181.75       13.7227
     41        14         1          14.4       7.2      21.6         2.5         0           5       187.5       13.8519
     42        15         1          28.8      21.6        36         2.5         0           5         229       15.2971
     43        16         1          43.2        36      50.4         2.5         0           5      204.25       14.4114
     44        17         1          57.6      50.4      64.8         2.5         0           5         237       15.5965
     45        18         1            72      64.8      79.2         2.5         0           5       213.5       14.8029
     46        19         1          86.4      79.2      93.6         2.5         0           5       196.5       14.2171
     47        20         1         100.8      93.6       108         2.5         0           5       227.5       15.2274
     48        21         1         115.2       108     122.4         2.5         0           5      211.25       14.6948
     49        22         1         129.6     122.4     136.8         2.5         0           5      191.75       14.0379
     50        23         1           144     136.8     151.2         2.5         0           5         185       13.7386
     51        24         1         158.4     151.2     165.6         2.5         0           5      204.25       14.4547
     52        25         1         172.8     165.6       180         2.5         0           5       227.5       15.2684
     55         1         2        -172.8      -180    -165.6         7.5         5          10         248        15.906
     56         2         2        -158.4    -165.6    -151.2         7.5         5          10         257       16.1864
     57         3         2          -144    -151.2    -136.8         7.5         5          10      304.75       17.6086
     58         4         2        -129.6    -136.8    -122.4         7.5         5          10       363.5       19.2451
     59         5         2        -115.2    -122.4      -108         7.5         5          10      379.25       19.7215
     60         6         2        -100.8      -108     -93.6         7.5         5          10      494.75       22.5569
     61         7         2         -86.4     -93.6     -79.2         7.5         5          10       564.5       23.9818
     62         8         2           -72     -79.2     -64.8         7.5         5          10      491.25       22.4374
     63         9         2         -57.6     -64.8     -50.4         7.5         5          10         394       20.1928
     64        10         2         -43.2     -50.4       -36         7.5         5          10       327.5        18.456
     65        11         2         -28.8       -36     -21.6         7.5         5          10      308.75       17.8623
     66        12         2         -14.4     -21.6      -7.2         7.5         5          10      267.25       16.6414
     67        13         2   1.42109e-14      -7.2       7.2         7.5         5          10      265.75       16.5397
     68        14         2          14.4       7.2      21.6         7.5         5          10         250       16.2404
     69        15         2          28.8      21.6        36         7.5         5          10      311.25       18.0537
     70        16         2          43.2        36      50.4         7.5         5          10         339       18.6815
     71        17         2          57.6      50.4      64.8         7.5         5          10      418.75        20.744
     72        18         2            72      64.8      79.2         7.5         5          10       418.5       20.6851
     73        19         2          86.4      79.2      93.6         7.5         5          10         468       21.9203
     74        20         2         100.8      93.6       108         7.5         5          10      402.75       20.3854
     75        21         2         115.2       108     122.4         7.5         5          10       404.5       20.2515
     76        22         2         129.6     122.4     136.8         7.5         5          10      284.75       17.1045
     77        23         2           144     136.8     151.2         7.5         5          10      291.75       17.2717
     78        24         2         158.4     151.2     165.6         7.5         5          10      278.25       16.8207
     79        25         2         172.8     165.6       180         7.5         5          10      234.75        15.494
     82         1         3        -172.8      -180    -165.6        12.5        10          15          65       8.13941
     83         2         3        -158.4    -165.6    -151.2        12.5        10          15       79.75       9.01734
     84         3         3          -144    -151.2    -136.8        12.5        10          15       115.5       10.8915
     85         4         3        -129.6    -136.8    -122.4        12.5        10          15      161.75       12.8768
     86         5         3        -115.2    -122.4      -108        12.5        10          15      290.75       17.2428
     87         6         3        -100.8      -108     -93.6        12.5        10          15      366.75       19.4181
     88         7         3         -86.4     -93.6     -79.2        12.5        10          15       390.5       20.0593
     89         8         3           -72     -79.2     -64.8        12.5        10          15      344.75       18.9093
     90         9         3         -57.6     -64.8     -50.4        12.5        10          15      280.75       17.0971
     91        10         3         -43.2     -50.4       -36        12.5        10          15      179.25       13.9261
     92        11         3         -28.8       -36     -21.6        12.5        10          15      138.75       12.1578
     93        12         3         -14.4     -21.6      -7.2        12.5        10          15       98.25       10.2683
     94        13         3   1.42109e-14      -7.2       7.2        12.5        10          15       97.75       10.2744
     95        14         3          14.4       7.2      21.6        12.5        10          15         112       10.9316
     96        15         3          28.8      21.6        36        12.5        10          15      132.75       12.0649
     97        16         3          43.2        36      50.4        12.5        10          15      192.25       14.3418
     98        17         3          57.6      50.4      64.8        12.5        10          15       242.5       15.9491
     99        18         3            72      64.8      79.2        12.5        10          15         320       18.2688
    100        19         3          86.4      79.2      93.6        12.5        10          15      326.75       18.3593
    101        20         3         100.8      93.6       108        12.5        10          15         280       16.9558
    102        21         3         115.2       108     122.4        12.5        10          15         200       14.3178
    103        22         3         129.6     122.4     136.8        12.5        10          15      157.75       12.6713
    104        23         3           144     136.8     151.2        12.5        10          15       104.5       10.3138
    105        24         3         158.4     151.2     165.6        12.5        10          15       75.75       8.79275
    106        25         3         172.8     165.6       180        12.5        10          15       77.75       8.90576
    109         1         4        -172.8      -180    -165.6        17.5        15          20           4             2
    110         2         4        -158.4    -165.6    -151.2        17.5        15          20        5.25       2.48747
    111         3         4          -144    -151.2    -136.8        17.5        15          20        10.5       3.33542
    112         4         4        -129.6    -136.8    -122.4        17.5        15          20       30.25       5.58458
    113         5         4        -115.2    -122.4      -108        17.5        15          20        65.5       8.20823
    114         6         4        -100.8      -108     -93.6        17.5        15          20         145       12.2984
    115         7         4         -86.4     -93.6     -79.2        17.5        15          20       194.5       14.1907
    116         8         4           -72     -79.2     -64.8        17.5        15          20      191.25       14.2193
    117         9         4         -57.6     -64.8     -50.4        17.5        15          20         131        12.083
    118        10         4         -43.2     -50.4       -36        17.5        15          20       55.75       7.89383
    119        11         4         -28.8       -36     -21.6        17.5        15          20          53       7.53326
    120        12         4         -14.4     -21.6      -7.2        17.5        15          20          21       4.97494
    121        13         4   1.42109e-14      -7.2       7.2        17.5        15          20       17.75       4.53459
    122        14         4          14.4       7.2      21.6        17.5        15          20       21.25       4.96865
    123        15         4          28.8      21.6        36        17.5        15          20       51.25       7.64444
    124        16         4          43.2        36      50.4        17.5        15          20       79.25       9.43067
    125        17         4          57.6      50.4      64.8        17.5        15          20         154       12.7574
    126        18         4            72      64.8      79.2        17.5        15          20      159.75       12.8477
    127        19         4          86.4      79.2      93.6        17.5        15          20       137.5       11.9635
    128        20         4         100.8      93.6       108        17.5        15          20       90.25       9.74359
    129        21         4         115.2       108     122.4        17.5        15          20          41           6.5
    130        22         4         129.6     122.4     136.8        17.5        15          20        12.5       3.62284
    131        23         4           144     136.8     151.2        17.5        15          20        9.25       3.19179
    132        24         4         158.4     151.2     165.6        17.5        15          20        5.75       2.46221
    133        25         4         172.8     165.6       180        17.5        15          20           2       1.41421
    136         1         5        -172.8      -180    -165.6        22.5        20          25           0             0
    137         2         5        -158.4    -165.6    -151.2        22.5        20          25           1             1
    138         3         5          -144    -151.2    -136.8        22.5        20          25           0             0
    139         4         5        -129.6    -136.8    -122.4        22.5        20          25        0.75       1.03078
    140         5         5        -115.2    -122.4      -108        22.5        20          25        3.25       2.04634
    141         6         5        -100.8      -108     -93.6        22.5        20          25       25.75       5.10514
    142         7         5         -86.4     -93.6     -79.2        22.5        20          25          35       6.22495
    143         8         5           -72     -79.2     -64.8        22.5        20          25          40       6.80074
    144         9         5         -57.6     -64.8     -50.4        22.5        20          25       47.75        7.2844
    145        10         5         -43.2     -50.4       -36        22.5        20          25        21.5       4.96236
    146        11         5         -28.8       -36     -21.6        22.5        20          25           8       3.24037
    147        12         5         -14.4     -21.6      -7.2        22.5        20          25         0.5       1.06066
    148        13         5   1.42109e-14      -7.2       7.2        22.5        20          25           0             0
    149        14         5          14.4       7.2      21.6        22.5        20          25           0             0
    150        15         5          28.8      21.6        36        22.5        20          25         6.5       2.89396
    151        16         5          43.2        36      50.4        22.5        20          25          34        6.1441
    152        17         5          57.6      50.4      64.8        22.5        20          25       58.25       8.01171
    153        18         5            72      64.8      79.2        22.5        20          25       34.25       6.13901
    154        19         5          86.4      79.2      93.6        22.5        20          25       15.75        4.0078
    155        20         5         100.8      93.6       108        22.5        20          25         9.5       3.18198
    156        21         5         115.2       108     122.4        22.5        20          25           5       2.23607
    157        22         5         129.6     122.4     136.8        22.5        20          25           0             0
    158        23         5           144     136.8     151.2        22.5        20          25       -0.25          0.25
    159        24         5         158.4     151.2     165.6        22.5        20          25           1             1
    160        25         5         172.8     165.6       180        22.5        20          25           0             0
    163         1         6        -172.8      -180    -165.6        27.5        25          30           0             0
    164         2         6        -158.4    -165.6    -151.2        27.5        25          30           0             0
    165         3         6          -144    -151.2    -136.8        27.5        25          30           0             0
    166         4         6        -129.6    -136.8    -122.4        27.5        25          30           0             0
    167         5         6        -115.2    -122.4      -108        27.5        25          30           0             0
    168         6         6        -100.8      -108     -93.6        27.5        25          30           1             1
    169         7         6         -86.4     -93.6     -79.2        27.5        25          30           1             1
    170         8         6           -72     -79.2     -64.8        27.5        25          30           2       1.41421
    171         9         6         -57.6     -64.8     -50.4        27.5        25          30         5.5        2.7157
    172        10         6         -43.2     -50.4       -36        27.5        25          30           0       1.58114
    173        11         6         -28.8       -36     -21.6        27.5        25          30           0             0
    174        12         6         -14.4     -21.6      -7.2        27.5        25          30           0             0
    175        13         6   1.42109e-14      -7.2       7.2        27.5        25          30           0             0
    176        14         6          14.4       7.2      21.6        27.5        25          30           0             0
    177        15         6          28.8      21.6        36        27.5        25          30        0.75       1.52069
    178        16         6          43.2        36      50.4        27.5        25          30           5       2.23607
    179        17         6          57.6      50.4      64.8        27.5        25          30       10.25       3.52668
    180        18         6            72      64.8      79.2        27.5        25          30        7.25       2.86138
    181        19         6          86.4      79.2      93.6        27.5        25          30         2.5       1.76777
    182        20         6         100.8      93.6       108        27.5        25          30           0             0
    183        21         6         115.2       108     122.4        27.5        25          30           0             0
    184        22         6         129.6     122.4     136.8        27.5        25          30           0             0
    185        23         6           144     136.8     151.2        27.5        25          30        -0.5      0.353553
    186        24         6         158.4     151.2     165.6        27.5        25          30           0             0
    187        25         6         172.8     165.6       180        27.5        25          30           0             0
    190         1         7        -172.8      -180    -165.6        32.5        30          35           0             0
    191         2         7        -158.4    -165.6    -151.2        32.5        30          35           0             0
    192         3         7          -144    -151.2    -136.8        32.5        30          35           0             0
    193         4         7        -129.6    -136.8    -122.4        32.5        30          35       -0.25          0.25
    194         5         7        -115.2    -122.4      -108        32.5        30          35           0             0
    195         6         7        -100.8      -108     -93.6        32.5        30          35           0             0
    196         7         7         -86.4     -93.6     -79.2        32.5        30          35           0             0
    197         8         7           -72     -79.2     -64.8        32.5        30          35       -0.25          0.25
    198         9         7         -57.6     -64.8     -50.4        32.5        30          35           2       1.41421
    199        10         7         -43.2     -50.4       -36        32.5        30          35           0             0
    200        11         7         -28.8       -36     -21.6        32.5        30          35           0             0
    201        12         7         -14.4     -21.6      -7.2        32.5        30          35           0             0
    202        13         7   1.42109e-14      -7.2       7.2        32.5        30          35           0             0
    203        14         7          14.4       7.2      21.6        32.5        30          35           0             0
    204        15         7          28.8      21.6        36        32.5        30          35           0             0
    205        16         7          43.2        36      50.4        32.5        30          35           0             0
    206        17         7          57.6      50.4      64.8        32.5        30          35         1.5       1.45774
    207        18         7            72      64.8      79.2        32.5        30          35           2       1.41421
    208        19         7          86.4      79.2      93.6        32.5        30          35           1             1
    209        20         7         100.8      93.6       108        32.5        30          35           0             0
    210        21         7         115.2       108     122.4        32.5        30          35       -0.25          0.25
    211        22         7         129.6     122.4     136.8        32.5        30          35           1             1
    212        23         7           144     136.8     151.2        32.5        30          35           0             0
    213        24         7         158.4     151.2     165.6        32.5        30          35           0             0
    214        25         7         172.8     165.6       180        32.5        30          35           0             0
    217         1         8        -172.8      -180    -165.6        37.5        35          40           0             0
    218         2         8        -158.4    -165.6    -151.2        37.5        35          40           0             0
    219         3         8          -144    -151.2    -136.8        37.5        35          40           0             0
    220         4         8        -129.6    -136.8    -122.4        37.5        35          40           0             0
    221         5         8        -115.2    -122.4      -108        37.5        35          40           0             0
    222         6         8        -100.8      -108     -93.6        37.5        35          40           0             0
    223         7         8         -86.4     -93.6     -79.2        37.5        35          40           0             0
    224         8         8           -72     -79.2     -64.8        37.5        35          40           0             0
    225         9         8         -57.6     -64.8     -50.4        37.5        35          40           0             0
    226        10         8         -43.2     -50.4       -36        37.5        35          40           0             0
    227        11         8         -28.8       -36     -21.6        37.5        35          40           0             0
    228        12         8         -14.4     -21.6      -7.2        37.5        35          40           0             0
    229        13         8   1.42109e-14      -7.2       7.2        37.5        35          40           0             0
    230        14         8          14.4       7.2      21.6        37.5        35          40           0             0
    231        15         8          28.8      21.6        36        37.5        35          40           0             0
    232        16         8          43.2        36      50.4        37.5        35          40           0             0
    233        17         8          57.6      50.4      64.8        37.5        35          40           0             0
    234        18         8            72      64.8      79.2        37.5        35          40           0             0
    235        19         8          86.4      79.2      93.6        37.5        35          40        -0.5      0.353553
    236        20         8         100.8      93.6       108        37.5        35          40           0             0
    237        21         8         115.2       108     122.4        37.5        35          40       -0.25          0.25
    238        22         8         129.6     122.4     136.8        37.5        35          40       -0.25          0.25
    239        23         8           144     136.8     151.2        37.5        35          40           0             0
    240        24         8         158.4     151.2     165.6        37.5        35          40           0             0
    241        25         8         172.8     165.6       180        37.5        35          40           0             0
