# 2D Histogram Bin Extraction 
#                   
# histogram parameters:  
# ybins      = 8   | ylabel: th_xq_CM [deg] 
# xbins      = 25   | xlabel: phi_xq [deg] 
# ybin width = 5.000 
# xbin width = 14.400 
#                   
# header definitions:
# ib:         (x,y)  bin number 
# xb:         x-axis bin number 
# yb:         y-axis bin number 
# x0:         x-axis central bin value 
# xlow:       x-axis low-edge bin value 
# xup:        x-axis up-edge bin value 
# y0:         y-axis central bin value 
# ylow:       y-axis low-edge bin value 
# yup:        y-axis up-edge bin value 
# zcont:      bin content (z-axis) 
# zcont_err:  bin content error (z-axis) 
#                                        
#! ib[i,0]/  xb[i,1]/  yb[i,2]/  x0[f,3]/  xlow[f,4]/  xup[f,5]/  y0[f,6]/  ylow[f,7]/  yup[f,8]/  zcont[f,9]/  zcont_err[f,10]/  
     28         1         1        -172.8      -180    -165.6         2.5         0           5        27.5       5.64579
     29         2         1        -158.4    -165.6    -151.2         2.5         0           5       22.25       4.94343
     30         3         1          -144    -151.2    -136.8         2.5         0           5        21.5       4.70372
     31         4         1        -129.6    -136.8    -122.4         2.5         0           5          35       6.12372
     32         5         1        -115.2    -122.4      -108         2.5         0           5       26.25       5.56215
     33         6         1        -100.8      -108     -93.6         2.5         0           5        25.5        5.6899
     34         7         1         -86.4     -93.6     -79.2         2.5         0           5       29.75       5.70636
     35         8         1           -72     -79.2     -64.8         2.5         0           5       32.75       6.16948
     36         9         1         -57.6     -64.8     -50.4         2.5         0           5        23.5       5.27968
     37        10         1         -43.2     -50.4       -36         2.5         0           5        14.5       4.48609
     38        11         1         -28.8       -36     -21.6         2.5         0           5       28.25       5.62917
     39        12         1         -14.4     -21.6      -7.2         2.5         0           5        14.5       4.62331
     40        13         1   1.42109e-14      -7.2       7.2         2.5         0           5       36.25       6.39824
     41        14         1          14.4       7.2      21.6         2.5         0           5       23.25       5.16599
     42        15         1          28.8      21.6        36         2.5         0           5          20       4.74342
     43        16         1          43.2        36      50.4         2.5         0           5          33       6.06218
     44        17         1          57.6      50.4      64.8         2.5         0           5          23        5.2915
     45        18         1            72      64.8      79.2         2.5         0           5       33.75       6.14919
     46        19         1          86.4      79.2      93.6         2.5         0           5       31.75        6.0879
     47        20         1         100.8      93.6       108         2.5         0           5       26.25       5.44862
     48        21         1         115.2       108     122.4         2.5         0           5       27.75       5.64026
     49        22         1         129.6     122.4     136.8         2.5         0           5       20.75       4.98121
     50        23         1           144     136.8     151.2         2.5         0           5        25.5        5.4658
     51        24         1         158.4     151.2     165.6         2.5         0           5       13.75       4.22049
     52        25         1         172.8     165.6       180         2.5         0           5          22       5.07445
     55         1         2        -172.8      -180    -165.6         7.5         5          10       27.75       5.64026
     56         2         2        -158.4    -165.6    -151.2         7.5         5          10        38.5       6.45174
     57         3         2          -144    -151.2    -136.8         7.5         5          10        30.5       5.79871
     58         4         2        -129.6    -136.8    -122.4         7.5         5          10          68       8.61684
     59         5         2        -115.2    -122.4      -108         7.5         5          10       64.25        8.3778
     60         6         2        -100.8      -108     -93.6         7.5         5          10       60.75       8.35539
     61         7         2         -86.4     -93.6     -79.2         7.5         5          10       63.75       8.89171
     62         8         2           -72     -79.2     -64.8         7.5         5          10        60.5        8.5805
     63         9         2         -57.6     -64.8     -50.4         7.5         5          10        66.5       8.85297
     64        10         2         -43.2     -50.4       -36         7.5         5          10       50.25       7.90174
     65        11         2         -28.8       -36     -21.6         7.5         5          10          35        6.7082
     66        12         2         -14.4     -21.6      -7.2         7.5         5          10       31.75       6.28987
     67        13         2   1.42109e-14      -7.2       7.2         7.5         5          10       44.25       7.34422
     68        14         2          14.4       7.2      21.6         7.5         5          10        32.5       6.47109
     69        15         2          28.8      21.6        36         7.5         5          10        43.5       7.09753
     70        16         2          43.2        36      50.4         7.5         5          10       53.75       8.15858
     71        17         2          57.6      50.4      64.8         7.5         5          10        75.5       9.54594
     72        18         2            72      64.8      79.2         7.5         5          10       52.75       8.17389
     73        19         2          86.4      79.2      93.6         7.5         5          10        88.5        9.8298
     74        20         2         100.8      93.6       108         7.5         5          10       61.25        8.1968
     75        21         2         115.2       108     122.4         7.5         5          10       49.75       7.50417
     76        22         2         129.6     122.4     136.8         7.5         5          10       39.25       6.62854
     77        23         2           144     136.8     151.2         7.5         5          10       39.75        6.6191
     78        24         2         158.4     151.2     165.6         7.5         5          10       33.25       6.15934
     79        25         2         172.8     165.6       180         7.5         5          10        30.5       5.90551
     82         1         3        -172.8      -180    -165.6        12.5        10          15        15.5       4.01559
     83         2         3        -158.4    -165.6    -151.2        12.5        10          15       16.75       4.27931
     84         3         3          -144    -151.2    -136.8        12.5        10          15       12.25       3.63146
     85         4         3        -129.6    -136.8    -122.4        12.5        10          15        23.5       5.15994
     86         5         3        -115.2    -122.4      -108        12.5        10          15       43.75       7.00446
     87         6         3        -100.8      -108     -93.6        12.5        10          15          55       8.13941
     88         7         3         -86.4     -93.6     -79.2        12.5        10          15        54.5       8.37407
     89         8         3           -72     -79.2     -64.8        12.5        10          15        69.5       9.36082
     90         9         3         -57.6     -64.8     -50.4        12.5        10          15          59       8.45577
     91        10         3         -43.2     -50.4       -36        12.5        10          15       39.25       7.08431
     92        11         3         -28.8       -36     -21.6        12.5        10          15        23.5       5.73367
     93        12         3         -14.4     -21.6      -7.2        12.5        10          15       13.75       4.77624
     94        13         3   1.42109e-14      -7.2       7.2        12.5        10          15       16.25       4.71036
     95        14         3          14.4       7.2      21.6        12.5        10          15          25       5.59017
     96        15         3          28.8      21.6        36        12.5        10          15          18        5.2915
     97        16         3          43.2        36      50.4        12.5        10          15        52.5       7.86607
     98        17         3          57.6      50.4      64.8        12.5        10          15          65       9.08295
     99        18         3            72      64.8      79.2        12.5        10          15        60.5       8.72496
    100        19         3          86.4      79.2      93.6        12.5        10          15       64.25       8.74285
    101        20         3         100.8      93.6       108        12.5        10          15       56.75       8.03508
    102        21         3         115.2       108     122.4        12.5        10          15       26.75        5.5509
    103        22         3         129.6     122.4     136.8        12.5        10          15       31.75       5.87899
    104        23         3           144     136.8     151.2        12.5        10          15       20.25       4.73682
    105        24         3         158.4     151.2     165.6        12.5        10          15       20.75       4.58939
    106        25         3         172.8     165.6       180        12.5        10          15        4.25       2.27761
    109         1         4        -172.8      -180    -165.6        17.5        15          20        -0.5      0.353553
    110         2         4        -158.4    -165.6    -151.2        17.5        15          20           0             0
    111         3         4          -144    -151.2    -136.8        17.5        15          20           4             2
    112         4         4        -129.6    -136.8    -122.4        17.5        15          20         6.5       2.66927
    113         5         4        -115.2    -122.4      -108        17.5        15          20       13.75       3.91312
    114         6         4        -100.8      -108     -93.6        17.5        15          20       25.25       5.23808
    115         7         4         -86.4     -93.6     -79.2        17.5        15          20        46.5       7.21976
    116         8         4           -72     -79.2     -64.8        17.5        15          20       34.75       6.80533
    117         9         4         -57.6     -64.8     -50.4        17.5        15          20       47.75       7.61988
    118        10         4         -43.2     -50.4       -36        17.5        15          20        9.25       4.20565
    119        11         4         -28.8       -36     -21.6        17.5        15          20        11.5       3.82426
    120        12         4         -14.4     -21.6      -7.2        17.5        15          20        1.75         2.136
    121        13         4   1.42109e-14      -7.2       7.2        17.5        15          20           1       1.87083
    122        14         4          14.4       7.2      21.6        17.5        15          20         2.5       2.09165
    123        15         4          28.8      21.6        36        17.5        15          20        10.5       3.51781
    124        16         4          43.2        36      50.4        17.5        15          20       15.25       4.73682
    125        17         4          57.6      50.4      64.8        17.5        15          20          30       6.32456
    126        18         4            72      64.8      79.2        17.5        15          20       34.75       6.52399
    127        19         4          86.4      79.2      93.6        17.5        15          20       32.75       6.36887
    128        20         4         100.8      93.6       108        17.5        15          20       17.75       4.53459
    129        21         4         115.2       108     122.4        17.5        15          20        9.25       3.19179
    130        22         4         129.6     122.4     136.8        17.5        15          20        5.75       2.46221
    131        23         4           144     136.8     151.2        17.5        15          20           1             1
    132        24         4         158.4     151.2     165.6        17.5        15          20           2       1.41421
    133        25         4         172.8     165.6       180        17.5        15          20           1             1
    136         1         5        -172.8      -180    -165.6        22.5        20          25           2       1.41421
    137         2         5        -158.4    -165.6    -151.2        22.5        20          25           0             0
    138         3         5          -144    -151.2    -136.8        22.5        20          25           0             0
    139         4         5        -129.6    -136.8    -122.4        22.5        20          25           0             0
    140         5         5        -115.2    -122.4      -108        22.5        20          25           1             1
    141         6         5        -100.8      -108     -93.6        22.5        20          25        4.25       2.27761
    142         7         5         -86.4     -93.6     -79.2        22.5        20          25          11       3.84057
    143         8         5           -72     -79.2     -64.8        22.5        20          25          21       5.09902
    144         9         5         -57.6     -64.8     -50.4        22.5        20          25       14.25       4.63006
    145        10         5         -43.2     -50.4       -36        22.5        20          25        1.75       1.82003
    146        11         5         -28.8       -36     -21.6        22.5        20          25        0.75       1.03078
    147        12         5         -14.4     -21.6      -7.2        22.5        20          25        -0.5      0.353553
    148        13         5   1.42109e-14      -7.2       7.2        22.5        20          25       -0.25          0.25
    149        14         5          14.4       7.2      21.6        22.5        20          25       -0.25          0.25
    150        15         5          28.8      21.6        36        22.5        20          25       -0.75      0.433013
    151        16         5          43.2        36      50.4        22.5        20          25        3.75       2.56174
    152        17         5          57.6      50.4      64.8        22.5        20          25        2.25       2.86138
    153        18         5            72      64.8      79.2        22.5        20          25       16.75       4.56207
    154        19         5          86.4      79.2      93.6        22.5        20          25         6.5       2.89396
    155        20         5         100.8      93.6       108        22.5        20          25        2.25       1.78536
    156        21         5         115.2       108     122.4        22.5        20          25           0             0
    157        22         5         129.6     122.4     136.8        22.5        20          25           3       1.73205
    158        23         5           144     136.8     151.2        22.5        20          25           0             0
    159        24         5         158.4     151.2     165.6        22.5        20          25           0             0
    160        25         5         172.8     165.6       180        22.5        20          25       -0.25          0.25
    163         1         6        -172.8      -180    -165.6        27.5        25          30           0             0
    164         2         6        -158.4    -165.6    -151.2        27.5        25          30           0             0
    165         3         6          -144    -151.2    -136.8        27.5        25          30           1             1
    166         4         6        -129.6    -136.8    -122.4        27.5        25          30           0             0
    167         5         6        -115.2    -122.4      -108        27.5        25          30           0             0
    168         6         6        -100.8      -108     -93.6        27.5        25          30           0             0
    169         7         6         -86.4     -93.6     -79.2        27.5        25          30       -0.75      0.433013
    170         8         6           -72     -79.2     -64.8        27.5        25          30         1.5       1.45774
    171         9         6         -57.6     -64.8     -50.4        27.5        25          30         2.5       1.76777
    172        10         6         -43.2     -50.4       -36        27.5        25          30           0             0
    173        11         6         -28.8       -36     -21.6        27.5        25          30           0             0
    174        12         6         -14.4     -21.6      -7.2        27.5        25          30           0             0
    175        13         6   1.42109e-14      -7.2       7.2        27.5        25          30           0             0
    176        14         6          14.4       7.2      21.6        27.5        25          30           0             0
    177        15         6          28.8      21.6        36        27.5        25          30           1             1
    178        16         6          43.2        36      50.4        27.5        25          30        -0.5      0.353553
    179        17         6          57.6      50.4      64.8        27.5        25          30          -1           0.5
    180        18         6            72      64.8      79.2        27.5        25          30        0.25       1.08972
    181        19         6          86.4      79.2      93.6        27.5        25          30       -0.25          0.25
    182        20         6         100.8      93.6       108        27.5        25          30           0             0
    183        21         6         115.2       108     122.4        27.5        25          30           0             0
    184        22         6         129.6     122.4     136.8        27.5        25          30           0             0
    185        23         6           144     136.8     151.2        27.5        25          30           0             0
    186        24         6         158.4     151.2     165.6        27.5        25          30           0             0
    187        25         6         172.8     165.6       180        27.5        25          30           0             0
    190         1         7        -172.8      -180    -165.6        32.5        30          35           0             0
    191         2         7        -158.4    -165.6    -151.2        32.5        30          35           0             0
    192         3         7          -144    -151.2    -136.8        32.5        30          35           0             0
    193         4         7        -129.6    -136.8    -122.4        32.5        30          35           0             0
    194         5         7        -115.2    -122.4      -108        32.5        30          35           0             0
    195         6         7        -100.8      -108     -93.6        32.5        30          35        -0.5      0.353553
    196         7         7         -86.4     -93.6     -79.2        32.5        30          35           0             0
    197         8         7           -72     -79.2     -64.8        32.5        30          35       -0.25          0.25
    198         9         7         -57.6     -64.8     -50.4        32.5        30          35           0             0
    199        10         7         -43.2     -50.4       -36        32.5        30          35           0             0
    200        11         7         -28.8       -36     -21.6        32.5        30          35           0             0
    201        12         7         -14.4     -21.6      -7.2        32.5        30          35           0             0
    202        13         7   1.42109e-14      -7.2       7.2        32.5        30          35           0             0
    203        14         7          14.4       7.2      21.6        32.5        30          35           0             0
    204        15         7          28.8      21.6        36        32.5        30          35           0             0
    205        16         7          43.2        36      50.4        32.5        30          35       -0.25          0.25
    206        17         7          57.6      50.4      64.8        32.5        30          35           0             0
    207        18         7            72      64.8      79.2        32.5        30          35           0             0
    208        19         7          86.4      79.2      93.6        32.5        30          35           0             0
    209        20         7         100.8      93.6       108        32.5        30          35           0             0
    210        21         7         115.2       108     122.4        32.5        30          35           0             0
    211        22         7         129.6     122.4     136.8        32.5        30          35           0             0
    212        23         7           144     136.8     151.2        32.5        30          35           0             0
    213        24         7         158.4     151.2     165.6        32.5        30          35           0             0
    214        25         7         172.8     165.6       180        32.5        30          35           0             0
    217         1         8        -172.8      -180    -165.6        37.5        35          40           0             0
    218         2         8        -158.4    -165.6    -151.2        37.5        35          40           0             0
    219         3         8          -144    -151.2    -136.8        37.5        35          40           0             0
    220         4         8        -129.6    -136.8    -122.4        37.5        35          40           0             0
    221         5         8        -115.2    -122.4      -108        37.5        35          40           0             0
    222         6         8        -100.8      -108     -93.6        37.5        35          40           0             0
    223         7         8         -86.4     -93.6     -79.2        37.5        35          40           0             0
    224         8         8           -72     -79.2     -64.8        37.5        35          40           0             0
    225         9         8         -57.6     -64.8     -50.4        37.5        35          40           0             0
    226        10         8         -43.2     -50.4       -36        37.5        35          40           0             0
    227        11         8         -28.8       -36     -21.6        37.5        35          40           0             0
    228        12         8         -14.4     -21.6      -7.2        37.5        35          40           0             0
    229        13         8   1.42109e-14      -7.2       7.2        37.5        35          40           0             0
    230        14         8          14.4       7.2      21.6        37.5        35          40           0             0
    231        15         8          28.8      21.6        36        37.5        35          40           0             0
    232        16         8          43.2        36      50.4        37.5        35          40           0             0
    233        17         8          57.6      50.4      64.8        37.5        35          40           0             0
    234        18         8            72      64.8      79.2        37.5        35          40           0             0
    235        19         8          86.4      79.2      93.6        37.5        35          40           0             0
    236        20         8         100.8      93.6       108        37.5        35          40           0             0
    237        21         8         115.2       108     122.4        37.5        35          40           0             0
    238        22         8         129.6     122.4     136.8        37.5        35          40           0             0
    239        23         8           144     136.8     151.2        37.5        35          40           0             0
    240        24         8         158.4     151.2     165.6        37.5        35          40           0             0
    241        25         8         172.8     165.6       180        37.5        35          40           0             0
