# 2D Histogram Bin Extraction 
#                   
# histogram parameters:  
# ybins      = 8   | ylabel: th_xq_CM [deg] 
# xbins      = 25   | xlabel: phi_xq [deg] 
# ybin width = 5.000 
# xbin width = 14.400 
#                   
# header definitions:
# ib:         (x,y)  bin number 
# xb:         x-axis bin number 
# yb:         y-axis bin number 
# x0:         x-axis central bin value 
# xlow:       x-axis low-edge bin value 
# xup:        x-axis up-edge bin value 
# y0:         y-axis central bin value 
# ylow:       y-axis low-edge bin value 
# yup:        y-axis up-edge bin value 
# zcont:      bin content (z-axis) 
# zcont_err:  bin content error (z-axis) 
#                                        
#! ib[i,0]/  xb[i,1]/  yb[i,2]/  x0[f,3]/  xlow[f,4]/  xup[f,5]/  y0[f,6]/  ylow[f,7]/  yup[f,8]/  zcont[f,9]/  zcont_err[f,10]/  
     28         1         1     -172.8      -180    -165.6         2.5         0           5           0       9.27362
     29         2         1     -158.4    -165.6    -151.2         2.5         0           5           0       9.38083
     30         3         1       -144    -151.2    -136.8         2.5         0           5           0       9.38083
     31         4         1     -129.6    -136.8    -122.4         2.5         0           5           0       9.16515
     32         5         1     -115.2    -122.4      -108         2.5         0           5           0       8.48528
     33         6         1     -100.8      -108     -93.6         2.5         0           5           0       9.89949
     34         7         1      -86.4     -93.6     -79.2         2.5         0           5           0       9.79796
     35         8         1        -72     -79.2     -64.8         2.5         0           5           0       10.0995
     36         9         1      -57.6     -64.8     -50.4         2.5         0           5           0       10.3923
     37        10         1      -43.2     -50.4       -36         2.5         0           5           0       9.89949
     38        11         1      -28.8       -36     -21.6         2.5         0           5           0       10.7703
     39        12         1      -14.4     -21.6      -7.2         2.5         0           5           0       11.0454
     40        13         11.15463e-14      -7.2       7.2         2.5         0           5           0       10.9545
     41        14         1       14.4       7.2      21.6         2.5         0           5           0       10.7703
     42        15         1       28.8      21.6        36         2.5         0           5           0       10.7703
     43        16         1       43.2        36      50.4         2.5         0           5           0       9.27362
     44        17         1       57.6      50.4      64.8         2.5         0           5           0       9.89949
     45        18         1         72      64.8      79.2         2.5         0           5           0       9.89949
     46        19         1       86.4      79.2      93.6         2.5         0           5           0       8.83176
     47        20         1      100.8      93.6       108         2.5         0           5           0       9.05539
     48        21         1      115.2       108     122.4         2.5         0           5           0       9.79796
     49        22         1      129.6     122.4     136.8         2.5         0           5           0       8.83176
     50        23         1        144     136.8     151.2         2.5         0           5           0       9.48683
     51        24         1      158.4     151.2     165.6         2.5         0           5           0        8.3666
     52        25         1      172.8     165.6       180         2.5         0           5           0       7.74597
     55         1         2     -172.8      -180    -165.6         7.5         5          10           0       13.0384
     56         2         2     -158.4    -165.6    -151.2         7.5         5          10           0       14.3527
     57         3         2       -144    -151.2    -136.8         7.5         5          10           0       14.7648
     58         4         2     -129.6    -136.8    -122.4         7.5         5          10           0       15.2971
     59         5         2     -115.2    -122.4      -108         7.5         5          10           0       14.8997
     60         6         2     -100.8      -108     -93.6         7.5         5          10           0       16.0624
     61         7         2      -86.4     -93.6     -79.2         7.5         5          10           0       16.6733
     62         8         2        -72     -79.2     -64.8         7.5         5          10           0       16.9115
     63         9         2      -57.6     -64.8     -50.4         7.5         5          10           0         17.72
     64        10         2      -43.2     -50.4       -36         7.5         5          10           0       17.8885
     65        11         2      -28.8       -36     -21.6         7.5         5          10           0       18.7617
     66        12         2      -14.4     -21.6      -7.2         7.5         5          10           0         17.72
     67        13         21.15463e-14      -7.2       7.2         7.5         5          10           0       17.7764
     68        14         2       14.4       7.2      21.6         7.5         5          10           0       18.2209
     69        15         2       28.8      21.6        36         7.5         5          10           0       16.9115
     70        16         2       43.2        36      50.4         7.5         5          10           0       16.6733
     71        17         2       57.6      50.4      64.8         7.5         5          10           0       16.7929
     72        18         2         72      64.8      79.2         7.5         5          10           0       16.3707
     73        19         2       86.4      79.2      93.6         7.5         5          10           0       17.0294
     74        20         2      100.8      93.6       108         7.5         5          10           0       15.6844
     75        21         2      115.2       108     122.4         7.5         5          10           0       15.0333
     76        22         2      129.6     122.4     136.8         7.5         5          10           0       15.0333
     77        23         2        144     136.8     151.2         7.5         5          10           0       13.3417
     78        24         2      158.4     151.2     165.6         7.5         5          10           0       13.9284
     79        25         2      172.8     165.6       180         7.5         5          10           0       13.2665
     82         1         3     -172.8      -180    -165.6        12.5        10          15           0       14.3527
     83         2         3     -158.4    -165.6    -151.2        12.5        10          15           0       15.2315
     84         3         3       -144    -151.2    -136.8        12.5        10          15           0       14.1421
     85         4         3     -129.6    -136.8    -122.4        12.5        10          15           0       15.2315
     86         5         3     -115.2    -122.4      -108        12.5        10          15           0       16.6132
     87         6         3     -100.8      -108     -93.6        12.5        10          15           0       18.3303
     88         7         3      -86.4     -93.6     -79.2        12.5        10          15           0       19.2354
     89         8         3        -72     -79.2     -64.8        12.5        10          15           0       19.2354
     90         9         3      -57.6     -64.8     -50.4        12.5        10          15           0       21.8174
     91        10         3      -43.2     -50.4       -36        12.5        10          15           0       20.7846
     92        11         3      -28.8       -36     -21.6        12.5        10          15           0       19.9499
     93        12         3      -14.4     -21.6      -7.2        12.5        10          15           0        20.199
     94        13         31.15463e-14      -7.2       7.2        12.5        10          15           0       21.2603
     95        14         3       14.4       7.2      21.6        12.5        10          15           0        20.347
     96        15         3       28.8      21.6        36        12.5        10          15           0       20.9284
     97        16         3       43.2        36      50.4        12.5        10          15           0       21.7256
     98        17         3       57.6      50.4      64.8        12.5        10          15           0       20.9284
     99        18         3         72      64.8      79.2        12.5        10          15           0       18.7617
    100        19         3       86.4      79.2      93.6        12.5        10          15           0       18.2757
    101        20         3      100.8      93.6       108        12.5        10          15           0       17.3781
    102        21         3      115.2       108     122.4        12.5        10          15           0       17.2047
    103        22         3      129.6     122.4     136.8        12.5        10          15           0       15.1658
    104        23         3        144     136.8     151.2        12.5        10          15           0       14.3527
    105        24         3      158.4     151.2     165.6        12.5        10          15           0       13.6382
    106        25         3      172.8     165.6       180        12.5        10          15           0       14.7648
    109         1         4     -172.8      -180    -165.6        17.5        15          20           0       9.48683
    110         2         4     -158.4    -165.6    -151.2        17.5        15          20           0        11.225
    111         3         4       -144    -151.2    -136.8        17.5        15          20           0       13.4907
    112         4         4     -129.6    -136.8    -122.4        17.5        15          20           0       13.9284
    113         5         4     -115.2    -122.4      -108        17.5        15          20           0       16.9706
    114         6         4     -100.8      -108     -93.6        17.5        15          20           0       18.0555
    115         7         4      -86.4     -93.6     -79.2        17.5        15          20           0       19.6977
    116         8         4        -72     -79.2     -64.8        17.5        15          20           0       21.3073
    117         9         4      -57.6     -64.8     -50.4        17.5        15          20           0       23.7908
    118        10         4      -43.2     -50.4       -36        17.5        15          20           0       22.6716
    119        11         4      -28.8       -36     -21.6        17.5        15          20           0       22.3607
    120        12         4      -14.4     -21.6      -7.2        17.5        15          20           0       21.4009
    121        13         41.15463e-14      -7.2       7.2        17.5        15          20           0       19.4422
    122        14         4       14.4       7.2      21.6        17.5        15          20           0       21.4942
    123        15         4       28.8      21.6        36        17.5        15          20           0       21.4476
    124        16         4       43.2        36      50.4        17.5        15          20           0       22.2261
    125        17         4       57.6      50.4      64.8        17.5        15          20           0       21.7715
    126        18         4         72      64.8      79.2        17.5        15          20           0       19.3391
    127        19         4       86.4      79.2      93.6        17.5        15          20           0       17.8326
    128        20         4      100.8      93.6       108        17.5        15          20           0       16.6132
    129        21         4      115.2       108     122.4        17.5        15          20           0       14.6969
    130        22         4      129.6     122.4     136.8        17.5        15          20           0       13.0384
    131        23         4        144     136.8     151.2        17.5        15          20           0       11.6619
    132        24         4      158.4     151.2     165.6        17.5        15          20           0        10.583
    133        25         4      172.8     165.6       180        17.5        15          20           0       10.0995
    136         1         5     -172.8      -180    -165.6        22.5        20          25           0       4.47214
    137         2         5     -158.4    -165.6    -151.2        22.5        20          25           0        5.2915
    138         3         5       -144    -151.2    -136.8        22.5        20          25           0       6.63325
    139         4         5     -129.6    -136.8    -122.4        22.5        20          25           0       10.6771
    140         5         5     -115.2    -122.4      -108        22.5        20          25           0       14.0712
    141         6         5     -100.8      -108     -93.6        22.5        20          25           0       15.4919
    142         7         5      -86.4     -93.6     -79.2        22.5        20          25           0       17.1464
    143         8         5        -72     -79.2     -64.8        22.5        20          25           0       19.9499
    144         9         5      -57.6     -64.8     -50.4        22.5        20          25           0       20.5913
    145        10         5      -43.2     -50.4       -36        22.5        20          25           0       20.7364
    146        11         5      -28.8       -36     -21.6        22.5        20          25           0        19.799
    147        12         5      -14.4     -21.6      -7.2        22.5        20          25           0       18.8149
    148        13         51.15463e-14      -7.2       7.2        22.5        20          25           0       19.2873
    149        14         5       14.4       7.2      21.6        22.5        20          25           0       18.7617
    150        15         5       28.8      21.6        36        22.5        20          25           0       20.9284
    151        16         5       43.2        36      50.4        22.5        20          25           0       21.9545
    152        17         5       57.6      50.4      64.8        22.5        20          25           0            20
    153        18         5         72      64.8      79.2        22.5        20          25           0       17.3781
    154        19         5       86.4      79.2      93.6        22.5        20          25           0       15.8114
    155        20         5      100.8      93.6       108        22.5        20          25           0       12.8841
    156        21         5      115.2       108     122.4        22.5        20          25           0       12.1655
    157        22         5      129.6     122.4     136.8        22.5        20          25           0       8.12404
    158        23         5        144     136.8     151.2        22.5        20          25           0       6.78233
    159        24         5      158.4     151.2     165.6        22.5        20          25           0       6.16441
    160        25         5      172.8     165.6       180        22.5        20          25           0       4.24264
    163         1         6     -172.8      -180    -165.6        27.5        25          30           0       2.82843
    164         2         6     -158.4    -165.6    -151.2        27.5        25          30           0       1.41421
    165         3         6       -144    -151.2    -136.8        27.5        25          30           0        3.4641
    166         4         6     -129.6    -136.8    -122.4        27.5        25          30           0       4.47214
    167         5         6     -115.2    -122.4      -108        27.5        25          30           0        8.7178
    168         6         6     -100.8      -108     -93.6        27.5        25          30           0       11.4018
    169         7         6      -86.4     -93.6     -79.2        27.5        25          30           0       12.3288
    170         8         6        -72     -79.2     -64.8        27.5        25          30           0       15.6205
    171         9         6      -57.6     -64.8     -50.4        27.5        25          30           0       16.4924
    172        10         6      -43.2     -50.4       -36        27.5        25          30           0       18.1108
    173        11         6      -28.8       -36     -21.6        27.5        25          30           0       17.8885
    174        12         6      -14.4     -21.6      -7.2        27.5        25          30           0       15.6844
    175        13         61.15463e-14      -7.2       7.2        27.5        25          30           0       14.4222
    176        14         6       14.4       7.2      21.6        27.5        25          30           0       17.0294
    177        15         6       28.8      21.6        36        27.5        25          30           0       18.3848
    178        16         6       43.2        36      50.4        27.5        25          30           0       18.3848
    179        17         6       57.6      50.4      64.8        27.5        25          30           0       16.6733
    180        18         6         72      64.8      79.2        27.5        25          30           0       14.1421
    181        19         6       86.4      79.2      93.6        27.5        25          30           0       10.0995
    182        20         6      100.8      93.6       108        27.5        25          30           0       9.69536
    183        21         6      115.2       108     122.4        27.5        25          30           0       7.87401
    184        22         6      129.6     122.4     136.8        27.5        25          30           0       4.47214
    185        23         6        144     136.8     151.2        27.5        25          30           0        3.4641
    186        24         6      158.4     151.2     165.6        27.5        25          30           0             2
    187        25         6      172.8     165.6       180        27.5        25          30           0             0
    190         1         7     -172.8      -180    -165.6        32.5        30          35           0             2
    191         2         7     -158.4    -165.6    -151.2        32.5        30          35           0       1.41421
    192         3         7       -144    -151.2    -136.8        32.5        30          35           0             0
    193         4         7     -129.6    -136.8    -122.4        32.5        30          35           0       2.44949
    194         5         7     -115.2    -122.4      -108        32.5        30          35           0       4.24264
    195         6         7     -100.8      -108     -93.6        32.5        30          35           0        7.2111
    196         7         7      -86.4     -93.6     -79.2        32.5        30          35           0       9.16515
    197         8         7        -72     -79.2     -64.8        32.5        30          35           0       8.12404
    198         9         7      -57.6     -64.8     -50.4        32.5        30          35           0       12.8062
    199        10         7      -43.2     -50.4       -36        32.5        30          35           0       15.0333
    200        11         7      -28.8       -36     -21.6        32.5        30          35           0       15.2315
    201        12         7      -14.4     -21.6      -7.2        32.5        30          35           0       12.8062
    202        13         71.15463e-14      -7.2       7.2        32.5        30          35           0       11.4018
    203        14         7       14.4       7.2      21.6        32.5        30          35           0       13.3417
    204        15         7       28.8      21.6        36        32.5        30          35           0       13.4164
    205        16         7       43.2        36      50.4        32.5        30          35           0       14.2829
    206        17         7       57.6      50.4      64.8        32.5        30          35           0        11.225
    207        18         7         72      64.8      79.2        32.5        30          35           0       8.12404
    208        19         7       86.4      79.2      93.6        32.5        30          35           0       6.32456
    209        20         7      100.8      93.6       108        32.5        30          35           0        5.2915
    210        21         7      115.2       108     122.4        32.5        30          35           0             4
    211        22         7      129.6     122.4     136.8        32.5        30          35           0       1.41421
    212        23         7        144     136.8     151.2        32.5        30          35           0             2
    213        24         7      158.4     151.2     165.6        32.5        30          35           0       2.82843
    214        25         7      172.8     165.6       180        32.5        30          35           0             0
    217         1         8     -172.8      -180    -165.6        37.5        35          40           0             2
    218         2         8     -158.4    -165.6    -151.2        37.5        35          40           0       2.44949
    219         3         8       -144    -151.2    -136.8        37.5        35          40           0       1.41421
    220         4         8     -129.6    -136.8    -122.4        37.5        35          40           0       2.44949
    221         5         8     -115.2    -122.4      -108        37.5        35          40           0             0
    222         6         8     -100.8      -108     -93.6        37.5        35          40           0       2.44949
    223         7         8      -86.4     -93.6     -79.2        37.5        35          40           0       2.44949
    224         8         8        -72     -79.2     -64.8        37.5        35          40           0        3.4641
    225         9         8      -57.6     -64.8     -50.4        37.5        35          40           0       6.32456
    226        10         8      -43.2     -50.4       -36        37.5        35          40           0       9.59166
    227        11         8      -28.8       -36     -21.6        37.5        35          40           0       12.1655
    228        12         8      -14.4     -21.6      -7.2        37.5        35          40           0       8.83176
    229        13         81.15463e-14      -7.2       7.2        37.5        35          40           0             8
    230        14         8       14.4       7.2      21.6        37.5        35          40           0       10.2956
    231        15         8       28.8      21.6        36        37.5        35          40           0        11.225
    232        16         8       43.2        36      50.4        37.5        35          40           0       9.05539
    233        17         8       57.6      50.4      64.8        37.5        35          40           0       6.48074
    234        18         8         72      64.8      79.2        37.5        35          40           0       3.16228
    235        19         8       86.4      79.2      93.6        37.5        35          40           0       5.09902
    236        20         8      100.8      93.6       108        37.5        35          40           0       2.44949
    237        21         8      115.2       108     122.4        37.5        35          40           0       2.44949
    238        22         8      129.6     122.4     136.8        37.5        35          40           0       2.44949
    239        23         8        144     136.8     151.2        37.5        35          40           0             2
    240        24         8      158.4     151.2     165.6        37.5        35          40           0             0
    241        25         8      172.8     165.6       180        37.5        35          40           0             0
