# 2D Histogram Bin Extraction 
#                   
# histogram parameters:  
# ybins      = 8   | ylabel: th_xq_CM [deg] 
# xbins      = 25   | xlabel: phi_xq [deg] 
# ybin width = 5.000 
# xbin width = 14.400 
#                   
# header definitions:
# ib:         (x,y)  bin number 
# xb:         x-axis bin number 
# yb:         y-axis bin number 
# x0:         x-axis central bin value 
# xlow:       x-axis low-edge bin value 
# xup:        x-axis up-edge bin value 
# y0:         y-axis central bin value 
# ylow:       y-axis low-edge bin value 
# yup:        y-axis up-edge bin value 
# zcont:      bin content (z-axis) 
# zcont_err:  bin content error (z-axis) 
#                                        
#! ib[i,0]/  xb[i,1]/  yb[i,2]/  x0[f,3]/  xlow[f,4]/  xup[f,5]/  y0[f,6]/  ylow[f,7]/  yup[f,8]/  zcont[f,9]/  zcont_err[f,10]/  
     28         1         1        -172.8      -180    -165.6         2.5         0           5      119.75       11.0142
     29         2         1        -158.4    -165.6    -151.2         2.5         0           5      152.75       12.3718
     30         3         1          -144    -151.2    -136.8         2.5         0           5      150.75       12.3415
     31         4         1        -129.6    -136.8    -122.4         2.5         0           5       157.5       12.5748
     32         5         1        -115.2    -122.4      -108         2.5         0           5      138.25       11.7978
     33         6         1        -100.8      -108     -93.6         2.5         0           5       142.5       12.0156
     34         7         1         -86.4     -93.6     -79.2         2.5         0           5         156       12.5399
     35         8         1           -72     -79.2     -64.8         2.5         0           5      162.25       12.7745
     36         9         1         -57.6     -64.8     -50.4         2.5         0           5      158.75       12.6615
     37        10         1         -43.2     -50.4       -36         2.5         0           5      156.75       12.5325
     38        11         1         -28.8       -36     -21.6         2.5         0           5       142.5       12.0156
     39        12         1         -14.4     -21.6      -7.2         2.5         0           5      121.25       11.1102
     40        13         1   1.42109e-14      -7.2       7.2         2.5         0           5       127.5       11.3192
     41        14         1          14.4       7.2      21.6         2.5         0           5      147.25       12.1732
     42        15         1          28.8      21.6        36         2.5         0           5       138.5       11.7951
     43        16         1          43.2        36      50.4         2.5         0           5       137.5       11.8057
     44        17         1          57.6      50.4      64.8         2.5         0           5      130.75       11.5027
     45        18         1            72      64.8      79.2         2.5         0           5       127.5       11.3192
     46        19         1          86.4      79.2      93.6         2.5         0           5      134.75       11.6753
     47        20         1         100.8      93.6       108         2.5         0           5         140       11.8322
     48        21         1         115.2       108     122.4         2.5         0           5      145.25       12.1424
     49        22         1         129.6     122.4     136.8         2.5         0           5         143       12.0104
     50        23         1           144     136.8     151.2         2.5         0           5         125       11.2361
     51        24         1         158.4     151.2     165.6         2.5         0           5      137.25       11.7553
     52        25         1         172.8     165.6       180         2.5         0           5      109.75       10.4911
     55         1         2        -172.8      -180    -165.6         7.5         5          10      205.75       14.3984
     56         2         2        -158.4    -165.6    -151.2         7.5         5          10      246.25       15.7619
     57         3         2          -144    -151.2    -136.8         7.5         5          10         241       15.6445
     58         4         2        -129.6    -136.8    -122.4         7.5         5          10       282.5       16.8634
     59         5         2        -115.2    -122.4      -108         7.5         5          10         363       19.1181
     60         6         2        -100.8      -108     -93.6         7.5         5          10         369       19.2743
     61         7         2         -86.4     -93.6     -79.2         7.5         5          10      339.75       18.5084
     62         8         2           -72     -79.2     -64.8         7.5         5          10      349.25         18.78
     63         9         2         -57.6     -64.8     -50.4         7.5         5          10      334.25       18.3763
     64        10         2         -43.2     -50.4       -36         7.5         5          10      256.25       16.1148
     65        11         2         -28.8       -36     -21.6         7.5         5          10         239       15.5804
     66        12         2         -14.4     -21.6      -7.2         7.5         5          10         202       14.3003
     67        13         2   1.42109e-14      -7.2       7.2         7.5         5          10      193.75       13.9754
     68        14         2          14.4       7.2      21.6         7.5         5          10       167.5       13.0624
     69        15         2          28.8      21.6        36         7.5         5          10         184       13.6565
     70        16         2          43.2        36      50.4         7.5         5          10      226.75         15.11
     71        17         2          57.6      50.4      64.8         7.5         5          10      225.25        15.081
     72        18         2            72      64.8      79.2         7.5         5          10      240.25       15.6505
     73        19         2          86.4      79.2      93.6         7.5         5          10      247.75       15.7896
     74        20         2         100.8      93.6       108         7.5         5          10         238       15.4677
     75        21         2         115.2       108     122.4         7.5         5          10       216.5       14.7775
     76        22         2         129.6     122.4     136.8         7.5         5          10       239.5       15.5362
     77        23         2           144     136.8     151.2         7.5         5          10      238.25       15.4657
     78        24         2         158.4     151.2     165.6         7.5         5          10      210.25       14.5752
     79        25         2         172.8     165.6       180         7.5         5          10      216.25       14.7373
     82         1         3        -172.8      -180    -165.6        12.5        10          15      102.75        10.152
     83         2         3        -158.4    -165.6    -151.2        12.5        10          15      124.75       11.1831
     84         3         3          -144    -151.2    -136.8        12.5        10          15         135        11.726
     85         4         3        -129.6    -136.8    -122.4        12.5        10          15      185.75       13.6405
     86         5         3        -115.2    -122.4      -108        12.5        10          15      233.75       15.3806
     87         6         3        -100.8      -108     -93.6        12.5        10          15       317.5        17.906
     88         7         3         -86.4     -93.6     -79.2        12.5        10          15      370.75       19.3601
     89         8         3           -72     -79.2     -64.8        12.5        10          15         338       18.4865
     90         9         3         -57.6     -64.8     -50.4        12.5        10          15         251       15.9609
     91        10         3         -43.2     -50.4       -36        12.5        10          15      139.75         11.94
     92        11         3         -28.8       -36     -21.6        12.5        10          15       95.25       9.87104
     93        12         3         -14.4     -21.6      -7.2        12.5        10          15       59.25       7.83821
     94        13         3   1.42109e-14      -7.2       7.2        12.5        10          15        63.5       8.00781
     95        14         3          14.4       7.2      21.6        12.5        10          15        45.5       6.79154
     96        15         3          28.8      21.6        36        12.5        10          15          70       8.44097
     97        16         3          43.2        36      50.4        12.5        10          15       90.25       9.54921
     98        17         3          57.6      50.4      64.8        12.5        10          15      120.75       11.0595
     99        18         3            72      64.8      79.2        12.5        10          15         149       12.2577
    100        19         3          86.4      79.2      93.6        12.5        10          15      174.75       13.2311
    101        20         3         100.8      93.6       108        12.5        10          15       171.5       13.2146
    102        21         3         115.2       108     122.4        12.5        10          15         162       12.7769
    103        22         3         129.6     122.4     136.8        12.5        10          15       130.5       11.5054
    104        23         3           144     136.8     151.2        12.5        10          15         113       10.7471
    105        24         3         158.4     151.2     165.6        12.5        10          15       76.75       8.77852
    106        25         3         172.8     165.6       180        12.5        10          15       72.25       8.55497
    109         1         4        -172.8      -180    -165.6        17.5        15          20           1             1
    110         2         4        -158.4    -165.6    -151.2        17.5        15          20           2       1.41421
    111         3         4          -144    -151.2    -136.8        17.5        15          20           6       2.44949
    112         4         4        -129.6    -136.8    -122.4        17.5        15          20       19.75       4.47912
    113         5         4        -115.2    -122.4      -108        17.5        15          20       83.25       9.17537
    114         6         4        -100.8      -108     -93.6        17.5        15          20         139       11.8427
    115         7         4         -86.4     -93.6     -79.2        17.5        15          20       193.5       13.9777
    116         8         4           -72     -79.2     -64.8        17.5        15          20       195.5       14.0934
    117         9         4         -57.6     -64.8     -50.4        17.5        15          20        98.5       10.0187
    118        10         4         -43.2     -50.4       -36        17.5        15          20       37.25        6.1796
    119        11         4         -28.8       -36     -21.6        17.5        15          20        15.5       4.01559
    120        12         4         -14.4     -21.6      -7.2        17.5        15          20       11.75       3.47311
    121        13         4   1.42109e-14      -7.2       7.2        17.5        15          20           8       2.82843
    122        14         4          14.4       7.2      21.6        17.5        15          20           9             3
    123        15         4          28.8      21.6        36        17.5        15          20       22.75       4.93077
    124        16         4          43.2        36      50.4        17.5        15          20       46.75       6.86021
    125        17         4          57.6      50.4      64.8        17.5        15          20        37.5       6.27495
    126        18         4            72      64.8      79.2        17.5        15          20       62.25        8.0273
    127        19         4          86.4      79.2      93.6        17.5        15          20        72.5       8.55132
    128        20         4         100.8      93.6       108        17.5        15          20          50       7.07107
    129        21         4         115.2       108     122.4        17.5        15          20       42.75        6.5622
    130        22         4         129.6     122.4     136.8        17.5        15          20        28.5       5.39676
    131        23         4           144     136.8     151.2        17.5        15          20          13       3.60555
    132        24         4         158.4     151.2     165.6        17.5        15          20           4             2
    133        25         4         172.8     165.6       180        17.5        15          20        1.75       1.43614
    136         1         5        -172.8      -180    -165.6        22.5        20          25           0             0
    137         2         5        -158.4    -165.6    -151.2        22.5        20          25           0             0
    138         3         5          -144    -151.2    -136.8        22.5        20          25           0             0
    139         4         5        -129.6    -136.8    -122.4        22.5        20          25           0             0
    140         5         5        -115.2    -122.4      -108        22.5        20          25           2       1.41421
    141         6         5        -100.8      -108     -93.6        22.5        20          25          23       4.79583
    142         7         5         -86.4     -93.6     -79.2        22.5        20          25          22       4.69042
    143         8         5           -72     -79.2     -64.8        22.5        20          25        35.5       6.01041
    144         9         5         -57.6     -64.8     -50.4        22.5        20          25          25             5
    145        10         5         -43.2     -50.4       -36        22.5        20          25         5.5       2.47487
    146        11         5         -28.8       -36     -21.6        22.5        20          25           0             0
    147        12         5         -14.4     -21.6      -7.2        22.5        20          25           0             0
    148        13         5   1.42109e-14      -7.2       7.2        22.5        20          25           1             1
    149        14         5          14.4       7.2      21.6        22.5        20          25           1             1
    150        15         5          28.8      21.6        36        22.5        20          25           1             1
    151        16         5          43.2        36      50.4        22.5        20          25       10.75       3.32603
    152        17         5          57.6      50.4      64.8        22.5        20          25       19.25       4.49305
    153        18         5            72      64.8      79.2        22.5        20          25        15.5       4.01559
    154        19         5          86.4      79.2      93.6        22.5        20          25        17.5       4.25735
    155        20         5         100.8      93.6       108        22.5        20          25        13.5       3.75832
    156        21         5         115.2       108     122.4        22.5        20          25           4             2
    157        22         5         129.6     122.4     136.8        22.5        20          25        0.75       1.03078
    158        23         5           144     136.8     151.2        22.5        20          25           0             0
    159        24         5         158.4     151.2     165.6        22.5        20          25           0             0
    160        25         5         172.8     165.6       180        22.5        20          25           0             0
    163         1         6        -172.8      -180    -165.6        27.5        25          30           0             0
    164         2         6        -158.4    -165.6    -151.2        27.5        25          30           0             0
    165         3         6          -144    -151.2    -136.8        27.5        25          30           0             0
    166         4         6        -129.6    -136.8    -122.4        27.5        25          30           0             0
    167         5         6        -115.2    -122.4      -108        27.5        25          30           0             0
    168         6         6        -100.8      -108     -93.6        27.5        25          30           0             0
    169         7         6         -86.4     -93.6     -79.2        27.5        25          30           0             0
    170         8         6           -72     -79.2     -64.8        27.5        25          30           1             1
    171         9         6         -57.6     -64.8     -50.4        27.5        25          30           0             0
    172        10         6         -43.2     -50.4       -36        27.5        25          30           0             0
    173        11         6         -28.8       -36     -21.6        27.5        25          30           0             0
    174        12         6         -14.4     -21.6      -7.2        27.5        25          30           1             1
    175        13         6   1.42109e-14      -7.2       7.2        27.5        25          30           0             0
    176        14         6          14.4       7.2      21.6        27.5        25          30           0             0
    177        15         6          28.8      21.6        36        27.5        25          30           0             0
    178        16         6          43.2        36      50.4        27.5        25          30           0             0
    179        17         6          57.6      50.4      64.8        27.5        25          30        2.75          1.75
    180        18         6            72      64.8      79.2        27.5        25          30           2       1.41421
    181        19         6          86.4      79.2      93.6        27.5        25          30       -0.25          0.25
    182        20         6         100.8      93.6       108        27.5        25          30           0             0
    183        21         6         115.2       108     122.4        27.5        25          30           1             1
    184        22         6         129.6     122.4     136.8        27.5        25          30           0             0
    185        23         6           144     136.8     151.2        27.5        25          30           0             0
    186        24         6         158.4     151.2     165.6        27.5        25          30           2       1.41421
    187        25         6         172.8     165.6       180        27.5        25          30           0             0
    190         1         7        -172.8      -180    -165.6        32.5        30          35           0             0
    191         2         7        -158.4    -165.6    -151.2        32.5        30          35           0             0
    192         3         7          -144    -151.2    -136.8        32.5        30          35           0             0
    193         4         7        -129.6    -136.8    -122.4        32.5        30          35           0             0
    194         5         7        -115.2    -122.4      -108        32.5        30          35           0             0
    195         6         7        -100.8      -108     -93.6        32.5        30          35           0             0
    196         7         7         -86.4     -93.6     -79.2        32.5        30          35           0             0
    197         8         7           -72     -79.2     -64.8        32.5        30          35           1             1
    198         9         7         -57.6     -64.8     -50.4        32.5        30          35           0             0
    199        10         7         -43.2     -50.4       -36        32.5        30          35           0             0
    200        11         7         -28.8       -36     -21.6        32.5        30          35           0             0
    201        12         7         -14.4     -21.6      -7.2        32.5        30          35           0             0
    202        13         7   1.42109e-14      -7.2       7.2        32.5        30          35           0             0
    203        14         7          14.4       7.2      21.6        32.5        30          35           0             0
    204        15         7          28.8      21.6        36        32.5        30          35           0             0
    205        16         7          43.2        36      50.4        32.5        30          35           0             0
    206        17         7          57.6      50.4      64.8        32.5        30          35           1             1
    207        18         7            72      64.8      79.2        32.5        30          35           1             1
    208        19         7          86.4      79.2      93.6        32.5        30          35           0             0
    209        20         7         100.8      93.6       108        32.5        30          35           0             0
    210        21         7         115.2       108     122.4        32.5        30          35           0             0
    211        22         7         129.6     122.4     136.8        32.5        30          35           1             1
    212        23         7           144     136.8     151.2        32.5        30          35           0             0
    213        24         7         158.4     151.2     165.6        32.5        30          35           0             0
    214        25         7         172.8     165.6       180        32.5        30          35           0             0
    217         1         8        -172.8      -180    -165.6        37.5        35          40           0             0
    218         2         8        -158.4    -165.6    -151.2        37.5        35          40           0             0
    219         3         8          -144    -151.2    -136.8        37.5        35          40           0             0
    220         4         8        -129.6    -136.8    -122.4        37.5        35          40           0             0
    221         5         8        -115.2    -122.4      -108        37.5        35          40           0             0
    222         6         8        -100.8      -108     -93.6        37.5        35          40           0             0
    223         7         8         -86.4     -93.6     -79.2        37.5        35          40           0             0
    224         8         8           -72     -79.2     -64.8        37.5        35          40           0             0
    225         9         8         -57.6     -64.8     -50.4        37.5        35          40           0             0
    226        10         8         -43.2     -50.4       -36        37.5        35          40           0             0
    227        11         8         -28.8       -36     -21.6        37.5        35          40           0             0
    228        12         8         -14.4     -21.6      -7.2        37.5        35          40           0             0
    229        13         8   1.42109e-14      -7.2       7.2        37.5        35          40           0             0
    230        14         8          14.4       7.2      21.6        37.5        35          40           0             0
    231        15         8          28.8      21.6        36        37.5        35          40           0             0
    232        16         8          43.2        36      50.4        37.5        35          40           0             0
    233        17         8          57.6      50.4      64.8        37.5        35          40           0             0
    234        18         8            72      64.8      79.2        37.5        35          40           0             0
    235        19         8          86.4      79.2      93.6        37.5        35          40           0             0
    236        20         8         100.8      93.6       108        37.5        35          40           1             1
    237        21         8         115.2       108     122.4        37.5        35          40           0             0
    238        22         8         129.6     122.4     136.8        37.5        35          40       -0.25          0.25
    239        23         8           144     136.8     151.2        37.5        35          40           0             0
    240        24         8         158.4     151.2     165.6        37.5        35          40       -0.25          0.25
    241        25         8         172.8     165.6       180        37.5        35          40           0             0
