# 2D Histogram Bin Extraction 
#                   
# histogram parameters:  
# ybins      = 8   | ylabel: th_xq_CM [deg] 
# xbins      = 25   | xlabel: phi_xq [deg] 
# ybin width = 5.000 
# xbin width = 14.400 
#                   
# header definitions:
# ib:         (x,y)  bin number 
# xb:         x-axis bin number 
# yb:         y-axis bin number 
# x0:         x-axis central bin value 
# xlow:       x-axis low-edge bin value 
# xup:        x-axis up-edge bin value 
# y0:         y-axis central bin value 
# ylow:       y-axis low-edge bin value 
# yup:        y-axis up-edge bin value 
# zcont:      bin content (z-axis) 
# zcont_err:  bin content error (z-axis) 
#                                        
#! ib[i,0]/  xb[i,1]/  yb[i,2]/  x0[f,3]/  xlow[f,4]/  xup[f,5]/  y0[f,6]/  ylow[f,7]/  yup[f,8]/  zcont[f,9]/  zcont_err[f,10]/  
     28         1         1        -172.8      -180    -165.6         2.5         0           5       127.5       11.3192
     29         2         1        -158.4    -165.6    -151.2         2.5         0           5         122       11.1018
     30         3         1          -144    -151.2    -136.8         2.5         0           5      130.25       11.4537
     31         4         1        -129.6    -136.8    -122.4         2.5         0           5         139       11.8427
     32         5         1        -115.2    -122.4      -108         2.5         0           5      141.75       12.0234
     33         6         1        -100.8      -108     -93.6         2.5         0           5      152.75       12.4223
     34         7         1         -86.4     -93.6     -79.2         2.5         0           5         164        12.855
     35         8         1           -72     -79.2     -64.8         2.5         0           5      138.25       11.7978
     36         9         1         -57.6     -64.8     -50.4         2.5         0           5         157       12.5797
     37        10         1         -43.2     -50.4       -36         2.5         0           5       139.5       11.8374
     38        11         1         -28.8       -36     -21.6         2.5         0           5      133.25       11.6378
     39        12         1         -14.4     -21.6      -7.2         2.5         0           5         132       11.5434
     40        13         1   1.42109e-14      -7.2       7.2         2.5         0           5      144.75        12.096
     41        14         1          14.4       7.2      21.6         2.5         0           5       136.5         11.71
     42        15         1          28.8      21.6        36         2.5         0           5       127.5       11.3743
     43        16         1          43.2        36      50.4         2.5         0           5      122.75       11.1496
     44        17         1          57.6      50.4      64.8         2.5         0           5      156.25       12.5872
     45        18         1            72      64.8      79.2         2.5         0           5       179.5       13.4676
     46        19         1          86.4      79.2      93.6         2.5         0           5       126.5        11.275
     47        20         1         100.8      93.6       108         2.5         0           5      122.75       11.1496
     48        21         1         115.2       108     122.4         2.5         0           5      117.25       10.8714
     49        22         1         129.6     122.4     136.8         2.5         0           5         156       12.5399
     50        23         1           144     136.8     151.2         2.5         0           5         129       11.4127
     51        24         1         158.4     151.2     165.6         2.5         0           5      164.75       12.8477
     52        25         1         172.8     165.6       180         2.5         0           5       122.5       11.0962
     55         1         2        -172.8      -180    -165.6         7.5         5          10       234.5       15.4151
     56         2         2        -158.4    -165.6    -151.2         7.5         5          10         203       14.2916
     57         3         2          -144    -151.2    -136.8         7.5         5          10         241       15.5644
     58         4         2        -129.6    -136.8    -122.4         7.5         5          10      262.25       16.2231
     59         5         2        -115.2    -122.4      -108         7.5         5          10      300.75       17.3871
     60         6         2        -100.8      -108     -93.6         7.5         5          10       296.5       17.3097
     61         7         2         -86.4     -93.6     -79.2         7.5         5          10      328.25       18.2123
     62         8         2           -72     -79.2     -64.8         7.5         5          10         326        18.159
     63         9         2         -57.6     -64.8     -50.4         7.5         5          10         294       17.2192
     64        10         2         -43.2     -50.4       -36         7.5         5          10      278.25       16.7463
     65        11         2         -28.8       -36     -21.6         7.5         5          10      258.25       16.1381
     66        12         2         -14.4     -21.6      -7.2         7.5         5          10      204.75       14.3636
     67        13         2   1.42109e-14      -7.2       7.2         7.5         5          10      165.25        12.988
     68        14         2          14.4       7.2      21.6         7.5         5          10      200.75       14.2237
     69        15         2          28.8      21.6        36         7.5         5          10      198.75       14.1973
     70        16         2          43.2        36      50.4         7.5         5          10      229.75        15.209
     71        17         2          57.6      50.4      64.8         7.5         5          10      259.75       16.2423
     72        18         2            72      64.8      79.2         7.5         5          10         283       16.8967
     73        19         2          86.4      79.2      93.6         7.5         5          10       293.5       17.1865
     74        20         2         100.8      93.6       108         7.5         5          10       253.5       15.9805
     75        21         2         115.2       108     122.4         7.5         5          10       276.5       16.6846
     76        22         2         129.6     122.4     136.8         7.5         5          10       247.5       15.7916
     77        23         2           144     136.8     151.2         7.5         5          10       221.5       14.9457
     78        24         2         158.4     151.2     165.6         7.5         5          10      226.25       15.1141
     79        25         2         172.8     165.6       180         7.5         5          10      206.75        14.433
     82         1         3        -172.8      -180    -165.6        12.5        10          15       75.75       8.79275
     83         2         3        -158.4    -165.6    -151.2        12.5        10          15       84.25       9.22971
     84         3         3          -144    -151.2    -136.8        12.5        10          15       122.5       11.0962
     85         4         3        -129.6    -136.8    -122.4        12.5        10          15      202.25       14.2544
     86         5         3        -115.2    -122.4      -108        12.5        10          15       234.5       15.3745
     87         6         3        -100.8      -108     -93.6        12.5        10          15      259.25        16.169
     88         7         3         -86.4     -93.6     -79.2        12.5        10          15      309.75        17.644
     89         8         3           -72     -79.2     -64.8        12.5        10          15      234.25       15.4576
     90         9         3         -57.6     -64.8     -50.4        12.5        10          15      207.25        14.472
     91        10         3         -43.2     -50.4       -36        12.5        10          15      162.25        12.872
     92        11         3         -28.8       -36     -21.6        12.5        10          15          79       9.02774
     93        12         3         -14.4     -21.6      -7.2        12.5        10          15       41.75       6.58122
     94        13         3   1.42109e-14      -7.2       7.2        12.5        10          15          58        7.6974
     95        14         3          14.4       7.2      21.6        12.5        10          15       54.75       7.50417
     96        15         3          28.8      21.6        36        12.5        10          15        60.5       7.89778
     97        16         3          43.2        36      50.4        12.5        10          15       99.75       10.0654
     98        17         3          57.6      50.4      64.8        12.5        10          15      139.75       11.8875
     99        18         3            72      64.8      79.2        12.5        10          15         207       14.5172
    100        19         3          86.4      79.2      93.6        12.5        10          15      222.25       14.9812
    101        20         3         100.8      93.6       108        12.5        10          15      216.75       14.7754
    102        21         3         115.2       108     122.4        12.5        10          15         195       14.0089
    103        22         3         129.6     122.4     136.8        12.5        10          15         170       13.0863
    104        23         3           144     136.8     151.2        12.5        10          15      121.75       11.0482
    105        24         3         158.4     151.2     165.6        12.5        10          15        89.5       9.49342
    106        25         3         172.8     165.6       180        12.5        10          15          73       8.61684
    109         1         4        -172.8      -180    -165.6        17.5        15          20           0             0
    110         2         4        -158.4    -165.6    -151.2        17.5        15          20        4.75          2.25
    111         3         4          -144    -151.2    -136.8        17.5        15          20          11       3.31662
    112         4         4        -129.6    -136.8    -122.4        17.5        15          20          33       5.74456
    113         5         4        -115.2    -122.4      -108        17.5        15          20       68.75       8.38525
    114         6         4        -100.8      -108     -93.6        17.5        15          20      112.75       10.6917
    115         7         4         -86.4     -93.6     -79.2        17.5        15          20         155          12.5
    116         8         4           -72     -79.2     -64.8        17.5        15          20         140       11.8849
    117         9         4         -57.6     -64.8     -50.4        17.5        15          20       86.75       9.33073
    118        10         4         -43.2     -50.4       -36        17.5        15          20          38       6.26498
    119        11         4         -28.8       -36     -21.6        17.5        15          20       16.75       4.13068
    120        12         4         -14.4     -21.6      -7.2        17.5        15          20           6       2.44949
    121        13         4   1.42109e-14      -7.2       7.2        17.5        15          20        5.25       2.48747
    122        14         4          14.4       7.2      21.6        17.5        15          20        13.5       3.75832
    123        15         4          28.8      21.6        36        17.5        15          20          22       4.82183
    124        16         4          43.2        36      50.4        17.5        15          20       51.25       7.22409
    125        17         4          57.6      50.4      64.8        17.5        15          20        59.5       7.83422
    126        18         4            72      64.8      79.2        17.5        15          20          82       9.12414
    127        19         4          86.4      79.2      93.6        17.5        15          20       86.75       9.39747
    128        20         4         100.8      93.6       108        17.5        15          20       75.75       8.72138
    129        21         4         115.2       108     122.4        17.5        15          20        65.5       8.13173
    130        22         4         129.6     122.4     136.8        17.5        15          20          31       5.56776
    131        23         4           144     136.8     151.2        17.5        15          20          10       3.16228
    132        24         4         158.4     151.2     165.6        17.5        15          20           5       2.23607
    133        25         4         172.8     165.6       180        17.5        15          20           2       1.41421
    136         1         5        -172.8      -180    -165.6        22.5        20          25           0             0
    137         2         5        -158.4    -165.6    -151.2        22.5        20          25           0             0
    138         3         5          -144    -151.2    -136.8        22.5        20          25           0             0
    139         4         5        -129.6    -136.8    -122.4        22.5        20          25           1             1
    140         5         5        -115.2    -122.4      -108        22.5        20          25           0             0
    141         6         5        -100.8      -108     -93.6        22.5        20          25          16             4
    142         7         5         -86.4     -93.6     -79.2        22.5        20          25          22       4.69042
    143         8         5           -72     -79.2     -64.8        22.5        20          25          27       5.19615
    144         9         5         -57.6     -64.8     -50.4        22.5        20          25          14       3.74166
    145        10         5         -43.2     -50.4       -36        22.5        20          25         3.5       2.03101
    146        11         5         -28.8       -36     -21.6        22.5        20          25           0             0
    147        12         5         -14.4     -21.6      -7.2        22.5        20          25       -0.25          0.25
    148        13         5   1.42109e-14      -7.2       7.2        22.5        20          25       -0.25          0.25
    149        14         5          14.4       7.2      21.6        22.5        20          25           1             1
    150        15         5          28.8      21.6        36        22.5        20          25           2       1.41421
    151        16         5          43.2        36      50.4        22.5        20          25        9.75       3.17214
    152        17         5          57.6      50.4      64.8        22.5        20          25          25             5
    153        18         5            72      64.8      79.2        22.5        20          25          10       3.16228
    154        19         5          86.4      79.2      93.6        22.5        20          25          11       3.31662
    155        20         5         100.8      93.6       108        22.5        20          25       10.25       3.34477
    156        21         5         115.2       108     122.4        22.5        20          25           6       2.44949
    157        22         5         129.6     122.4     136.8        22.5        20          25           1             1
    158        23         5           144     136.8     151.2        22.5        20          25           1             1
    159        24         5         158.4     151.2     165.6        22.5        20          25           0             0
    160        25         5         172.8     165.6       180        22.5        20          25       -0.25          0.25
    163         1         6        -172.8      -180    -165.6        27.5        25          30           0             0
    164         2         6        -158.4    -165.6    -151.2        27.5        25          30           0             0
    165         3         6          -144    -151.2    -136.8        27.5        25          30           0             0
    166         4         6        -129.6    -136.8    -122.4        27.5        25          30           0             0
    167         5         6        -115.2    -122.4      -108        27.5        25          30           0             0
    168         6         6        -100.8      -108     -93.6        27.5        25          30        0.75       1.03078
    169         7         6         -86.4     -93.6     -79.2        27.5        25          30           0             0
    170         8         6           -72     -79.2     -64.8        27.5        25          30           1             1
    171         9         6         -57.6     -64.8     -50.4        27.5        25          30       -0.25          0.25
    172        10         6         -43.2     -50.4       -36        27.5        25          30           0             0
    173        11         6         -28.8       -36     -21.6        27.5        25          30           0             0
    174        12         6         -14.4     -21.6      -7.2        27.5        25          30           0             0
    175        13         6   1.42109e-14      -7.2       7.2        27.5        25          30           0             0
    176        14         6          14.4       7.2      21.6        27.5        25          30           0             0
    177        15         6          28.8      21.6        36        27.5        25          30           0             0
    178        16         6          43.2        36      50.4        27.5        25          30           1             1
    179        17         6          57.6      50.4      64.8        27.5        25          30           1             1
    180        18         6            72      64.8      79.2        27.5        25          30           3       1.73205
    181        19         6          86.4      79.2      93.6        27.5        25          30       -0.25          0.25
    182        20         6         100.8      93.6       108        27.5        25          30           0             0
    183        21         6         115.2       108     122.4        27.5        25          30           0             0
    184        22         6         129.6     122.4     136.8        27.5        25          30           1             1
    185        23         6           144     136.8     151.2        27.5        25          30           0             0
    186        24         6         158.4     151.2     165.6        27.5        25          30           0             0
    187        25         6         172.8     165.6       180        27.5        25          30           0             0
    190         1         7        -172.8      -180    -165.6        32.5        30          35           0             0
    191         2         7        -158.4    -165.6    -151.2        32.5        30          35           1             1
    192         3         7          -144    -151.2    -136.8        32.5        30          35           0             0
    193         4         7        -129.6    -136.8    -122.4        32.5        30          35           0             0
    194         5         7        -115.2    -122.4      -108        32.5        30          35           0             0
    195         6         7        -100.8      -108     -93.6        32.5        30          35           0             0
    196         7         7         -86.4     -93.6     -79.2        32.5        30          35           0             0
    197         8         7           -72     -79.2     -64.8        32.5        30          35           0             0
    198         9         7         -57.6     -64.8     -50.4        32.5        30          35           0             0
    199        10         7         -43.2     -50.4       -36        32.5        30          35           0             0
    200        11         7         -28.8       -36     -21.6        32.5        30          35           0             0
    201        12         7         -14.4     -21.6      -7.2        32.5        30          35           0             0
    202        13         7   1.42109e-14      -7.2       7.2        32.5        30          35           0             0
    203        14         7          14.4       7.2      21.6        32.5        30          35           0             0
    204        15         7          28.8      21.6        36        32.5        30          35           0             0
    205        16         7          43.2        36      50.4        32.5        30          35           0             0
    206        17         7          57.6      50.4      64.8        32.5        30          35           1             1
    207        18         7            72      64.8      79.2        32.5        30          35           1             1
    208        19         7          86.4      79.2      93.6        32.5        30          35           0             0
    209        20         7         100.8      93.6       108        32.5        30          35       -0.25          0.25
    210        21         7         115.2       108     122.4        32.5        30          35           0             0
    211        22         7         129.6     122.4     136.8        32.5        30          35           0             0
    212        23         7           144     136.8     151.2        32.5        30          35           0             0
    213        24         7         158.4     151.2     165.6        32.5        30          35           0             0
    214        25         7         172.8     165.6       180        32.5        30          35           0             0
    217         1         8        -172.8      -180    -165.6        37.5        35          40           0             0
    218         2         8        -158.4    -165.6    -151.2        37.5        35          40           0             0
    219         3         8          -144    -151.2    -136.8        37.5        35          40           0             0
    220         4         8        -129.6    -136.8    -122.4        37.5        35          40           0             0
    221         5         8        -115.2    -122.4      -108        37.5        35          40           0             0
    222         6         8        -100.8      -108     -93.6        37.5        35          40           0             0
    223         7         8         -86.4     -93.6     -79.2        37.5        35          40           0             0
    224         8         8           -72     -79.2     -64.8        37.5        35          40           0             0
    225         9         8         -57.6     -64.8     -50.4        37.5        35          40           0             0
    226        10         8         -43.2     -50.4       -36        37.5        35          40           0             0
    227        11         8         -28.8       -36     -21.6        37.5        35          40           0             0
    228        12         8         -14.4     -21.6      -7.2        37.5        35          40           0             0
    229        13         8   1.42109e-14      -7.2       7.2        37.5        35          40           0             0
    230        14         8          14.4       7.2      21.6        37.5        35          40           0             0
    231        15         8          28.8      21.6        36        37.5        35          40           0             0
    232        16         8          43.2        36      50.4        37.5        35          40           0             0
    233        17         8          57.6      50.4      64.8        37.5        35          40           1             1
    234        18         8            72      64.8      79.2        37.5        35          40           0             0
    235        19         8          86.4      79.2      93.6        37.5        35          40       -0.25          0.25
    236        20         8         100.8      93.6       108        37.5        35          40           0             0
    237        21         8         115.2       108     122.4        37.5        35          40           0             0
    238        22         8         129.6     122.4     136.8        37.5        35          40           0             0
    239        23         8           144     136.8     151.2        37.5        35          40           0             0
    240        24         8         158.4     151.2     165.6        37.5        35          40           1             1
    241        25         8         172.8     165.6       180        37.5        35          40           1             1
