# 2D Histogram Bin Extraction 
#                   
# histogram parameters:  
# ybins      = 8   | ylabel: th_xq_CM [deg] 
# xbins      = 25   | xlabel: phi_xq [deg] 
# ybin width = 5.000 
# xbin width = 14.400 
#                   
# header definitions:
# ib:         (x,y)  bin number 
# xb:         x-axis bin number 
# yb:         y-axis bin number 
# x0:         x-axis central bin value 
# xlow:       x-axis low-edge bin value 
# xup:        x-axis up-edge bin value 
# y0:         y-axis central bin value 
# ylow:       y-axis low-edge bin value 
# yup:        y-axis up-edge bin value 
# zcont:      bin content (z-axis) 
# zcont_err:  bin content error (z-axis) 
#                                        
#! ib[i,0]/  xb[i,1]/  yb[i,2]/  x0[f,3]/  xlow[f,4]/  xup[f,5]/  y0[f,6]/  ylow[f,7]/  yup[f,8]/  zcont[f,9]/  zcont_err[f,10]/  
     28         1         1        -172.8      -180    -165.6         2.5         0           5           8       3.04138
     29         2         1        -158.4    -165.6    -151.2         2.5         0           5          12        3.4641
     30         3         1          -144    -151.2    -136.8         2.5         0           5         6.5       2.66927
     31         4         1        -129.6    -136.8    -122.4         2.5         0           5          11       3.31662
     32         5         1        -115.2    -122.4      -108         2.5         0           5        5.75       2.46221
     33         6         1        -100.8      -108     -93.6         2.5         0           5        1.25       1.47902
     34         7         1         -86.4     -93.6     -79.2         2.5         0           5        5.75       2.46221
     35         8         1           -72     -79.2     -64.8         2.5         0           5        1.75       1.43614
     36         9         1         -57.6     -64.8     -50.4         2.5         0           5         0.5       1.06066
     37        10         1         -43.2     -50.4       -36         2.5         0           5        1.75       1.43614
     38        11         1         -28.8       -36     -21.6         2.5         0           5           2       1.41421
     39        12         1         -14.4     -21.6      -7.2         2.5         0           5           1             1
     40        13         1   1.42109e-14      -7.2       7.2         2.5         0           5         0.5       1.06066
     41        14         1          14.4       7.2      21.6         2.5         0           5           3       1.73205
     42        15         1          28.8      21.6        36         2.5         0           5           3       1.73205
     43        16         1          43.2        36      50.4         2.5         0           5           3       1.73205
     44        17         1          57.6      50.4      64.8         2.5         0           5           1             1
     45        18         1            72      64.8      79.2         2.5         0           5        0.75       1.03078
     46        19         1          86.4      79.2      93.6         2.5         0           5         4.5       2.26385
     47        20         1         100.8      93.6       108         2.5         0           5        7.75       2.83945
     48        21         1         115.2       108     122.4         2.5         0           5        7.75       2.83945
     49        22         1         129.6     122.4     136.8         2.5         0           5        6.75       2.65754
     50        23         1           144     136.8     151.2         2.5         0           5          13       3.60555
     51        24         1         158.4     151.2     165.6         2.5         0           5         8.5       3.02076
     52        25         1         172.8     165.6       180         2.5         0           5       11.75       3.47311
     55         1         2        -172.8      -180    -165.6         7.5         5          10        48.5       7.27152
     56         2         2        -158.4    -165.6    -151.2         7.5         5          10       40.75       6.60019
     57         3         2          -144    -151.2    -136.8         7.5         5          10       41.25       6.49519
     58         4         2        -129.6    -136.8    -122.4         7.5         5          10       38.25       6.35905
     59         5         2        -115.2    -122.4      -108         7.5         5          10       32.75       5.96343
     60         6         2        -100.8      -108     -93.6         7.5         5          10       17.25        4.4088
     61         7         2         -86.4     -93.6     -79.2         7.5         5          10       11.25       3.49106
     62         8         2           -72     -79.2     -64.8         7.5         5          10           4             2
     63         9         2         -57.6     -64.8     -50.4         7.5         5          10         1.5       1.45774
     64        10         2         -43.2     -50.4       -36         7.5         5          10        3.25       2.04634
     65        11         2         -28.8       -36     -21.6         7.5         5          10           0             0
     66        12         2         -14.4     -21.6      -7.2         7.5         5          10           0             0
     67        13         2   1.42109e-14      -7.2       7.2         7.5         5          10        -0.5      0.353553
     68        14         2          14.4       7.2      21.6         7.5         5          10           0             0
     69        15         2          28.8      21.6        36         7.5         5          10           3       1.73205
     70        16         2          43.2        36      50.4         7.5         5          10           0             0
     71        17         2          57.6      50.4      64.8         7.5         5          10        3.75       2.01556
     72        18         2            72      64.8      79.2         7.5         5          10        5.75       2.46221
     73        19         2          86.4      79.2      93.6         7.5         5          10        19.5       4.48609
     74        20         2         100.8      93.6       108         7.5         5          10       23.75       5.03115
     75        21         2         115.2       108     122.4         7.5         5          10          26       5.45436
     76        22         2         129.6     122.4     136.8         7.5         5          10       30.25       5.69539
     77        23         2           144     136.8     151.2         7.5         5          10       38.25       6.55267
     78        24         2         158.4     151.2     165.6         7.5         5          10       41.25       6.77772
     79        25         2         172.8     165.6       180         7.5         5          10          44       6.81909
     82         1         3        -172.8      -180    -165.6        12.5        10          15        97.5        10.155
     83         2         3        -158.4    -165.6    -151.2        12.5        10          15       77.75       8.97566
     84         3         3          -144    -151.2    -136.8        12.5        10          15          88       9.77241
     85         4         3        -129.6    -136.8    -122.4        12.5        10          15          86       9.60469
     86         5         3        -115.2    -122.4      -108        12.5        10          15       68.75       8.38525
     87         6         3        -100.8      -108     -93.6        12.5        10          15       40.75       6.60019
     88         7         3         -86.4     -93.6     -79.2        12.5        10          15        13.5       3.75832
     89         8         3           -72     -79.2     -64.8        12.5        10          15        9.25       3.19179
     90         9         3         -57.6     -64.8     -50.4        12.5        10          15           0             0
     91        10         3         -43.2     -50.4       -36        12.5        10          15           0             0
     92        11         3         -28.8       -36     -21.6        12.5        10          15           0             0
     93        12         3         -14.4     -21.6      -7.2        12.5        10          15           0             0
     94        13         3   1.42109e-14      -7.2       7.2        12.5        10          15           0             0
     95        14         3          14.4       7.2      21.6        12.5        10          15           0             0
     96        15         3          28.8      21.6        36        12.5        10          15           0             0
     97        16         3          43.2        36      50.4        12.5        10          15       -0.25          0.25
     98        17         3          57.6      50.4      64.8        12.5        10          15           3       1.73205
     99        18         3            72      64.8      79.2        12.5        10          15         9.5       3.18198
    100        19         3          86.4      79.2      93.6        12.5        10          15       11.75       3.81608
    101        20         3         100.8      93.6       108        12.5        10          15       39.25       6.53357
    102        21         3         115.2       108     122.4        12.5        10          15          62       8.18535
    103        22         3         129.6     122.4     136.8        12.5        10          15          83       9.38083
    104        23         3           144     136.8     151.2        12.5        10          15       76.25       8.99653
    105        24         3         158.4     151.2     165.6        12.5        10          15        93.5       9.95615
    106        25         3         172.8     165.6       180        12.5        10          15       102.5       10.3983
    109         1         4        -172.8      -180    -165.6        17.5        15          20       52.75        7.3697
    110         2         4        -158.4    -165.6    -151.2        17.5        15          20        63.5       8.31414
    111         3         4          -144    -151.2    -136.8        17.5        15          20          87       9.52628
    112         4         4        -129.6    -136.8    -122.4        17.5        15          20       75.25       8.94078
    113         5         4        -115.2    -122.4      -108        17.5        15          20        79.5       9.08983
    114         6         4        -100.8      -108     -93.6        17.5        15          20        49.5       7.16764
    115         7         4         -86.4     -93.6     -79.2        17.5        15          20       18.75       4.50694
    116         8         4           -72     -79.2     -64.8        17.5        15          20         1.5       1.45774
    117         9         4         -57.6     -64.8     -50.4        17.5        15          20           0             0
    118        10         4         -43.2     -50.4       -36        17.5        15          20       -0.25          0.25
    119        11         4         -28.8       -36     -21.6        17.5        15          20           0             0
    120        12         4         -14.4     -21.6      -7.2        17.5        15          20           0             0
    121        13         4   1.42109e-14      -7.2       7.2        17.5        15          20           0             0
    122        14         4          14.4       7.2      21.6        17.5        15          20           0             0
    123        15         4          28.8      21.6        36        17.5        15          20           0             0
    124        16         4          43.2        36      50.4        17.5        15          20           0             0
    125        17         4          57.6      50.4      64.8        17.5        15          20       -0.25          0.25
    126        18         4            72      64.8      79.2        17.5        15          20           0       1.11803
    127        19         4          86.4      79.2      93.6        17.5        15          20       19.25       4.63006
    128        20         4         100.8      93.6       108        17.5        15          20          29       5.72276
    129        21         4         115.2       108     122.4        17.5        15          20       61.25       8.04285
    130        22         4         129.6     122.4     136.8        17.5        15          20       73.25       8.75714
    131        23         4           144     136.8     151.2        17.5        15          20       75.75       8.86355
    132        24         4         158.4     151.2     165.6        17.5        15          20       90.25       9.74359
    133        25         4         172.8     165.6       180        17.5        15          20          70       8.58778
    136         1         5        -172.8      -180    -165.6        22.5        20          25          21       4.84768
    137         2         5        -158.4    -165.6    -151.2        22.5        20          25       26.75       5.32095
    138         3         5          -144    -151.2    -136.8        22.5        20          25          33       5.95819
    139         4         5        -129.6    -136.8    -122.4        22.5        20          25        58.5       7.77014
    140         5         5        -115.2    -122.4      -108        22.5        20          25        53.5       7.52496
    141         6         5        -100.8      -108     -93.6        22.5        20          25       28.75       5.61805
    142         7         5         -86.4     -93.6     -79.2        22.5        20          25           5           2.5
    143         8         5           -72     -79.2     -64.8        22.5        20          25           0       1.11803
    144         9         5         -57.6     -64.8     -50.4        22.5        20          25           0             0
    145        10         5         -43.2     -50.4       -36        22.5        20          25           0             0
    146        11         5         -28.8       -36     -21.6        22.5        20          25           0             0
    147        12         5         -14.4     -21.6      -7.2        22.5        20          25           0             0
    148        13         5   1.42109e-14      -7.2       7.2        22.5        20          25           0             0
    149        14         5          14.4       7.2      21.6        22.5        20          25           0             0
    150        15         5          28.8      21.6        36        22.5        20          25           0             0
    151        16         5          43.2        36      50.4        22.5        20          25           0             0
    152        17         5          57.6      50.4      64.8        22.5        20          25           0             0
    153        18         5            72      64.8      79.2        22.5        20          25       -0.25          0.25
    154        19         5          86.4      79.2      93.6        22.5        20          25         7.5       3.06186
    155        20         5         100.8      93.6       108        22.5        20          25          28       5.52268
    156        21         5         115.2       108     122.4        22.5        20          25       30.75       5.90021
    157        22         5         129.6     122.4     136.8        22.5        20          25       38.25       6.45659
    158        23         5           144     136.8     151.2        22.5        20          25          41           6.5
    159        24         5         158.4     151.2     165.6        22.5        20          25        21.5       4.83477
    160        25         5         172.8     165.6       180        22.5        20          25        21.5       4.83477
    163         1         6        -172.8      -180    -165.6        27.5        25          30           1             1
    164         2         6        -158.4    -165.6    -151.2        27.5        25          30           1             1
    165         3         6          -144    -151.2    -136.8        27.5        25          30       16.75       4.13068
    166         4         6        -129.6    -136.8    -122.4        27.5        25          30          14       3.90512
    167         5         6        -115.2    -122.4      -108        27.5        25          30        15.5       4.01559
    168         6         6        -100.8      -108     -93.6        27.5        25          30           8       2.82843
    169         7         6         -86.4     -93.6     -79.2        27.5        25          30        3.75       2.01556
    170         8         6           -72     -79.2     -64.8        27.5        25          30           0             0
    171         9         6         -57.6     -64.8     -50.4        27.5        25          30           0             0
    172        10         6         -43.2     -50.4       -36        27.5        25          30           0             0
    173        11         6         -28.8       -36     -21.6        27.5        25          30           0             0
    174        12         6         -14.4     -21.6      -7.2        27.5        25          30           0             0
    175        13         6   1.42109e-14      -7.2       7.2        27.5        25          30           0             0
    176        14         6          14.4       7.2      21.6        27.5        25          30           0             0
    177        15         6          28.8      21.6        36        27.5        25          30           0             0
    178        16         6          43.2        36      50.4        27.5        25          30           0             0
    179        17         6          57.6      50.4      64.8        27.5        25          30           0             0
    180        18         6            72      64.8      79.2        27.5        25          30           0             0
    181        19         6          86.4      79.2      93.6        27.5        25          30         0.5       1.06066
    182        20         6         100.8      93.6       108        27.5        25          30           4             2
    183        21         6         115.2       108     122.4        27.5        25          30          12        3.4641
    184        22         6         129.6     122.4     136.8        27.5        25          30          11           3.5
    185        23         6           144     136.8     151.2        27.5        25          30           9             3
    186        24         6         158.4     151.2     165.6        27.5        25          30        2.75          1.75
    187        25         6         172.8     165.6       180        27.5        25          30           2       1.41421
    190         1         7        -172.8      -180    -165.6        32.5        30          35           0             0
    191         2         7        -158.4    -165.6    -151.2        32.5        30          35           0             0
    192         3         7          -144    -151.2    -136.8        32.5        30          35           1             1
    193         4         7        -129.6    -136.8    -122.4        32.5        30          35           2       1.41421
    194         5         7        -115.2    -122.4      -108        32.5        30          35           2       1.41421
    195         6         7        -100.8      -108     -93.6        32.5        30          35           0             0
    196         7         7         -86.4     -93.6     -79.2        32.5        30          35           0             0
    197         8         7           -72     -79.2     -64.8        32.5        30          35           0             0
    198         9         7         -57.6     -64.8     -50.4        32.5        30          35           0             0
    199        10         7         -43.2     -50.4       -36        32.5        30          35           0             0
    200        11         7         -28.8       -36     -21.6        32.5        30          35           0             0
    201        12         7         -14.4     -21.6      -7.2        32.5        30          35           0             0
    202        13         7   1.42109e-14      -7.2       7.2        32.5        30          35           0             0
    203        14         7          14.4       7.2      21.6        32.5        30          35           0             0
    204        15         7          28.8      21.6        36        32.5        30          35           0             0
    205        16         7          43.2        36      50.4        32.5        30          35           0             0
    206        17         7          57.6      50.4      64.8        32.5        30          35           0             0
    207        18         7            72      64.8      79.2        32.5        30          35           0             0
    208        19         7          86.4      79.2      93.6        32.5        30          35           1             1
    209        20         7         100.8      93.6       108        32.5        30          35       -0.25          0.25
    210        21         7         115.2       108     122.4        32.5        30          35       -0.25          0.25
    211        22         7         129.6     122.4     136.8        32.5        30          35           1             1
    212        23         7           144     136.8     151.2        32.5        30          35       -0.25          0.25
    213        24         7         158.4     151.2     165.6        32.5        30          35           0             0
    214        25         7         172.8     165.6       180        32.5        30          35           0             0
    217         1         8        -172.8      -180    -165.6        37.5        35          40           0             0
    218         2         8        -158.4    -165.6    -151.2        37.5        35          40           0             0
    219         3         8          -144    -151.2    -136.8        37.5        35          40           0             0
    220         4         8        -129.6    -136.8    -122.4        37.5        35          40           0             0
    221         5         8        -115.2    -122.4      -108        37.5        35          40           0             0
    222         6         8        -100.8      -108     -93.6        37.5        35          40           0             0
    223         7         8         -86.4     -93.6     -79.2        37.5        35          40           0             0
    224         8         8           -72     -79.2     -64.8        37.5        35          40           0             0
    225         9         8         -57.6     -64.8     -50.4        37.5        35          40           0             0
    226        10         8         -43.2     -50.4       -36        37.5        35          40           0             0
    227        11         8         -28.8       -36     -21.6        37.5        35          40           0             0
    228        12         8         -14.4     -21.6      -7.2        37.5        35          40           0             0
    229        13         8   1.42109e-14      -7.2       7.2        37.5        35          40           0             0
    230        14         8          14.4       7.2      21.6        37.5        35          40           0             0
    231        15         8          28.8      21.6        36        37.5        35          40           0             0
    232        16         8          43.2        36      50.4        37.5        35          40           0             0
    233        17         8          57.6      50.4      64.8        37.5        35          40           0             0
    234        18         8            72      64.8      79.2        37.5        35          40           0             0
    235        19         8          86.4      79.2      93.6        37.5        35          40           0             0
    236        20         8         100.8      93.6       108        37.5        35          40           0             0
    237        21         8         115.2       108     122.4        37.5        35          40           0             0
    238        22         8         129.6     122.4     136.8        37.5        35          40           0             0
    239        23         8           144     136.8     151.2        37.5        35          40           0             0
    240        24         8         158.4     151.2     165.6        37.5        35          40           0             0
    241        25         8         172.8     165.6       180        37.5        35          40           0             0
