# 2D Histogram Bin Extraction 
#                   
# histogram parameters:  
# ybins      = 8   | ylabel: th_xq_CM [deg] 
# xbins      = 25   | xlabel: phi_xq [deg] 
# ybin width = 5.000 
# xbin width = 14.400 
#                   
# header definitions:
# ib:         (x,y)  bin number 
# xb:         x-axis bin number 
# yb:         y-axis bin number 
# x0:         x-axis central bin value 
# xlow:       x-axis low-edge bin value 
# xup:        x-axis up-edge bin value 
# y0:         y-axis central bin value 
# ylow:       y-axis low-edge bin value 
# yup:        y-axis up-edge bin value 
# zcont:      bin content (z-axis) 
# zcont_err:  bin content error (z-axis) 
#                                        
#! ib[i,0]/  xb[i,1]/  yb[i,2]/  x0[f,3]/  xlow[f,4]/  xup[f,5]/  y0[f,6]/  ylow[f,7]/  yup[f,8]/  zcont[f,9]/  zcont_err[f,10]/  
     28         1         1        -172.8      -180    -165.6         2.5         0           5          35       5.91608
     29         2         1        -158.4    -165.6    -151.2         2.5         0           5          27       5.19615
     30         3         1          -144    -151.2    -136.8         2.5         0           5          21       4.58258
     31         4         1        -129.6    -136.8    -122.4         2.5         0           5          28        5.2915
     32         5         1        -115.2    -122.4      -108         2.5         0           5        22.5       4.80885
     33         6         1        -100.8      -108     -93.6         2.5         0           5          23       4.79583
     34         7         1         -86.4     -93.6     -79.2         2.5         0           5          10       3.16228
     35         8         1           -72     -79.2     -64.8         2.5         0           5        6.75       2.65754
     36         9         1         -57.6     -64.8     -50.4         2.5         0           5           4             2
     37        10         1         -43.2     -50.4       -36         2.5         0           5           8       2.82843
     38        11         1         -28.8       -36     -21.6         2.5         0           5           3       1.73205
     39        12         1         -14.4     -21.6      -7.2         2.5         0           5        0.75       1.03078
     40        13         1   1.42109e-14      -7.2       7.2         2.5         0           5        2.75          1.75
     41        14         1          14.4       7.2      21.6         2.5         0           5           4             2
     42        15         1          28.8      21.6        36         2.5         0           5         4.5       2.26385
     43        16         1          43.2        36      50.4         2.5         0           5           5       2.23607
     44        17         1          57.6      50.4      64.8         2.5         0           5          14       3.74166
     45        18         1            72      64.8      79.2         2.5         0           5           8       2.82843
     46        19         1          86.4      79.2      93.6         2.5         0           5          17       4.12311
     47        20         1         100.8      93.6       108         2.5         0           5          23       4.79583
     48        21         1         115.2       108     122.4         2.5         0           5        25.5       5.11126
     49        22         1         129.6     122.4     136.8         2.5         0           5        25.5       5.11126
     50        23         1           144     136.8     151.2         2.5         0           5        22.5       4.80885
     51        24         1         158.4     151.2     165.6         2.5         0           5        27.5        5.3033
     52        25         1         172.8     165.6       180         2.5         0           5          23       4.79583
     55         1         2        -172.8      -180    -165.6         7.5         5          10      119.75       11.0142
     56         2         2        -158.4    -165.6    -151.2         7.5         5          10      111.75       10.6448
     57         3         2          -144    -151.2    -136.8         7.5         5          10      110.25       10.5445
     58         4         2        -129.6    -136.8    -122.4         7.5         5          10        99.5       10.0062
     59         5         2        -115.2    -122.4      -108         7.5         5          10          96       9.86154
     60         6         2        -100.8      -108     -93.6         7.5         5          10        60.5       7.89778
     61         7         2         -86.4     -93.6     -79.2         7.5         5          10       31.75       5.66238
     62         8         2           -72     -79.2     -64.8         7.5         5          10        24.5       5.01248
     63         9         2         -57.6     -64.8     -50.4         7.5         5          10          12        3.4641
     64        10         2         -43.2     -50.4       -36         7.5         5          10        2.75          1.75
     65        11         2         -28.8       -36     -21.6         7.5         5          10           4             2
     66        12         2         -14.4     -21.6      -7.2         7.5         5          10           1             1
     67        13         2   1.42109e-14      -7.2       7.2         7.5         5          10           1             1
     68        14         2          14.4       7.2      21.6         7.5         5          10           1             1
     69        15         2          28.8      21.6        36         7.5         5          10           6       2.44949
     70        16         2          43.2        36      50.4         7.5         5          10           7       2.64575
     71        17         2          57.6      50.4      64.8         7.5         5          10           5       2.23607
     72        18         2            72      64.8      79.2         7.5         5          10       19.25       4.49305
     73        19         2          86.4      79.2      93.6         7.5         5          10        34.5       5.92663
     74        20         2         100.8      93.6       108         7.5         5          10       48.75       7.00446
     75        21         2         115.2       108     122.4         7.5         5          10        81.5       9.06228
     76        22         2         129.6     122.4     136.8         7.5         5          10      115.25       10.8369
     77        23         2           144     136.8     151.2         7.5         5          10      118.75       10.9687
     78        24         2         158.4     151.2     165.6         7.5         5          10       122.5       11.1524
     79        25         2         172.8     165.6       180         7.5         5          10       151.5       12.3845
     82         1         3        -172.8      -180    -165.6        12.5        10          15       183.5       13.6611
     83         2         3        -158.4    -165.6    -151.2        12.5        10          15      202.25       14.2982
     84         3         3          -144    -151.2    -136.8        12.5        10          15         180       13.5093
     85         4         3        -129.6    -136.8    -122.4        12.5        10          15       191.5       13.9059
     86         5         3        -115.2    -122.4      -108        12.5        10          15      147.25       12.1732
     87         6         3        -100.8      -108     -93.6        12.5        10          15       92.25       9.65337
     88         7         3         -86.4     -93.6     -79.2        12.5        10          15       37.75       6.16948
     89         8         3           -72     -79.2     -64.8        12.5        10          15       19.75       4.47912
     90         9         3         -57.6     -64.8     -50.4        12.5        10          15        2.75          1.75
     91        10         3         -43.2     -50.4       -36        12.5        10          15           1             1
     92        11         3         -28.8       -36     -21.6        12.5        10          15           0             0
     93        12         3         -14.4     -21.6      -7.2        12.5        10          15           0             0
     94        13         3   1.42109e-14      -7.2       7.2        12.5        10          15           0             0
     95        14         3          14.4       7.2      21.6        12.5        10          15           0             0
     96        15         3          28.8      21.6        36        12.5        10          15           0             0
     97        16         3          43.2        36      50.4        12.5        10          15           0             0
     98        17         3          57.6      50.4      64.8        12.5        10          15           5       2.23607
     99        18         3            72      64.8      79.2        12.5        10          15          13       3.77492
    100        19         3          86.4      79.2      93.6        12.5        10          15       35.75       6.00521
    101        20         3         100.8      93.6       108        12.5        10          15        87.5       9.38749
    102        21         3         115.2       108     122.4        12.5        10          15      121.25       11.1102
    103        22         3         129.6     122.4     136.8        12.5        10          15       146.5       12.1295
    104        23         3           144     136.8     151.2        12.5        10          15      182.25       13.5347
    105        24         3         158.4     151.2     165.6        12.5        10          15       165.5       12.9373
    106        25         3         172.8     165.6       180        12.5        10          15      173.75       13.2877
    109         1         4        -172.8      -180    -165.6        17.5        15          20        93.5       9.76601
    110         2         4        -158.4    -165.6    -151.2        17.5        15          20         132       11.6512
    111         3         4          -144    -151.2    -136.8        17.5        15          20         142       12.0727
    112         4         4        -129.6    -136.8    -122.4        17.5        15          20      158.25        12.617
    113         5         4        -115.2    -122.4      -108        17.5        15          20         134       11.6833
    114         6         4        -100.8      -108     -93.6        17.5        15          20          98       9.96243
    115         7         4         -86.4     -93.6     -79.2        17.5        15          20        35.5       6.01041
    116         8         4           -72     -79.2     -64.8        17.5        15          20       15.75        4.0078
    117         9         4         -57.6     -64.8     -50.4        17.5        15          20           1             1
    118        10         4         -43.2     -50.4       -36        17.5        15          20           0             0
    119        11         4         -28.8       -36     -21.6        17.5        15          20           0             0
    120        12         4         -14.4     -21.6      -7.2        17.5        15          20           0             0
    121        13         4   1.42109e-14      -7.2       7.2        17.5        15          20           0             0
    122        14         4          14.4       7.2      21.6        17.5        15          20           0             0
    123        15         4          28.8      21.6        36        17.5        15          20           0             0
    124        16         4          43.2        36      50.4        17.5        15          20           0             0
    125        17         4          57.6      50.4      64.8        17.5        15          20           3       1.73205
    126        18         4            72      64.8      79.2        17.5        15          20           7       2.64575
    127        19         4          86.4      79.2      93.6        17.5        15          20          38       6.36396
    128        20         4         100.8      93.6       108        17.5        15          20        79.5       9.02081
    129        21         4         115.2       108     122.4        17.5        15          20        98.5       10.0187
    130        22         4         129.6     122.4     136.8        17.5        15          20      116.25       10.8829
    131        23         4           144     136.8     151.2        17.5        15          20      133.25       11.6378
    132        24         4         158.4     151.2     165.6        17.5        15          20       114.5       10.7877
    133        25         4         172.8     165.6       180        17.5        15          20          99       10.0125
    136         1         5        -172.8      -180    -165.6        22.5        20          25          36             6
    137         2         5        -158.4    -165.6    -151.2        22.5        20          25       35.75       6.00521
    138         3         5          -144    -151.2    -136.8        22.5        20          25       49.25       7.08431
    139         4         5        -129.6    -136.8    -122.4        22.5        20          25      100.25       10.0592
    140         5         5        -115.2    -122.4      -108        22.5        20          25        81.5       9.13099
    141         6         5        -100.8      -108     -93.6        22.5        20          25          63       8.01561
    142         7         5         -86.4     -93.6     -79.2        22.5        20          25        30.5       5.57898
    143         8         5           -72     -79.2     -64.8        22.5        20          25        1.75       1.43614
    144         9         5         -57.6     -64.8     -50.4        22.5        20          25           0             0
    145        10         5         -43.2     -50.4       -36        22.5        20          25           0             0
    146        11         5         -28.8       -36     -21.6        22.5        20          25           0             0
    147        12         5         -14.4     -21.6      -7.2        22.5        20          25           0             0
    148        13         5   1.42109e-14      -7.2       7.2        22.5        20          25           0             0
    149        14         5          14.4       7.2      21.6        22.5        20          25           0             0
    150        15         5          28.8      21.6        36        22.5        20          25           0             0
    151        16         5          43.2        36      50.4        22.5        20          25       -0.25          0.25
    152        17         5          57.6      50.4      64.8        22.5        20          25           0             0
    153        18         5            72      64.8      79.2        22.5        20          25           3       1.73205
    154        19         5          86.4      79.2      93.6        22.5        20          25        17.5       4.25735
    155        20         5         100.8      93.6       108        22.5        20          25       49.25       7.08431
    156        21         5         115.2       108     122.4        22.5        20          25       42.25       6.66615
    157        22         5         129.6     122.4     136.8        22.5        20          25       59.75          7.75
    158        23         5           144     136.8     151.2        22.5        20          25       49.75       7.07549
    159        24         5         158.4     151.2     165.6        22.5        20          25       29.75       5.48293
    160        25         5         172.8     165.6       180        22.5        20          25        27.5        5.3033
    163         1         6        -172.8      -180    -165.6        27.5        25          30           2       1.41421
    164         2         6        -158.4    -165.6    -151.2        27.5        25          30           5       2.23607
    165         3         6          -144    -151.2    -136.8        27.5        25          30           7       2.64575
    166         4         6        -129.6    -136.8    -122.4        27.5        25          30          16             4
    167         5         6        -115.2    -122.4      -108        27.5        25          30        23.5       4.91172
    168         6         6        -100.8      -108     -93.6        27.5        25          30       13.25       3.76663
    169         7         6         -86.4     -93.6     -79.2        27.5        25          30        7.75       2.83945
    170         8         6           -72     -79.2     -64.8        27.5        25          30           1             1
    171         9         6         -57.6     -64.8     -50.4        27.5        25          30           0             0
    172        10         6         -43.2     -50.4       -36        27.5        25          30           0             0
    173        11         6         -28.8       -36     -21.6        27.5        25          30           0             0
    174        12         6         -14.4     -21.6      -7.2        27.5        25          30           0             0
    175        13         6   1.42109e-14      -7.2       7.2        27.5        25          30           0             0
    176        14         6          14.4       7.2      21.6        27.5        25          30           0             0
    177        15         6          28.8      21.6        36        27.5        25          30           0             0
    178        16         6          43.2        36      50.4        27.5        25          30           0             0
    179        17         6          57.6      50.4      64.8        27.5        25          30           1             1
    180        18         6            72      64.8      79.2        27.5        25          30           2       1.41421
    181        19         6          86.4      79.2      93.6        27.5        25          30        9.75       3.17214
    182        20         6         100.8      93.6       108        27.5        25          30          10       3.16228
    183        21         6         115.2       108     122.4        27.5        25          30        9.75       3.17214
    184        22         6         129.6     122.4     136.8        27.5        25          30        9.75       3.17214
    185        23         6           144     136.8     151.2        27.5        25          30        4.75          2.25
    186        24         6         158.4     151.2     165.6        27.5        25          30         6.5       2.66927
    187        25         6         172.8     165.6       180        27.5        25          30           0             0
    190         1         7        -172.8      -180    -165.6        32.5        30          35           0             0
    191         2         7        -158.4    -165.6    -151.2        32.5        30          35           0             0
    192         3         7          -144    -151.2    -136.8        32.5        30          35           0             0
    193         4         7        -129.6    -136.8    -122.4        32.5        30          35           1             1
    194         5         7        -115.2    -122.4      -108        32.5        30          35           1             1
    195         6         7        -100.8      -108     -93.6        32.5        30          35           1             1
    196         7         7         -86.4     -93.6     -79.2        32.5        30          35           0             0
    197         8         7           -72     -79.2     -64.8        32.5        30          35           0             0
    198         9         7         -57.6     -64.8     -50.4        32.5        30          35           0             0
    199        10         7         -43.2     -50.4       -36        32.5        30          35           0             0
    200        11         7         -28.8       -36     -21.6        32.5        30          35           0             0
    201        12         7         -14.4     -21.6      -7.2        32.5        30          35           0             0
    202        13         7   1.42109e-14      -7.2       7.2        32.5        30          35           0             0
    203        14         7          14.4       7.2      21.6        32.5        30          35           0             0
    204        15         7          28.8      21.6        36        32.5        30          35           0             0
    205        16         7          43.2        36      50.4        32.5        30          35           0             0
    206        17         7          57.6      50.4      64.8        32.5        30          35           0             0
    207        18         7            72      64.8      79.2        32.5        30          35           0             0
    208        19         7          86.4      79.2      93.6        32.5        30          35           0             0
    209        20         7         100.8      93.6       108        32.5        30          35           0             0
    210        21         7         115.2       108     122.4        32.5        30          35       -0.25          0.25
    211        22         7         129.6     122.4     136.8        32.5        30          35       -0.25          0.25
    212        23         7           144     136.8     151.2        32.5        30          35           0             0
    213        24         7         158.4     151.2     165.6        32.5        30          35           0             0
    214        25         7         172.8     165.6       180        32.5        30          35        -0.5      0.353553
    217         1         8        -172.8      -180    -165.6        37.5        35          40           0             0
    218         2         8        -158.4    -165.6    -151.2        37.5        35          40           0             0
    219         3         8          -144    -151.2    -136.8        37.5        35          40           0             0
    220         4         8        -129.6    -136.8    -122.4        37.5        35          40           0             0
    221         5         8        -115.2    -122.4      -108        37.5        35          40           0             0
    222         6         8        -100.8      -108     -93.6        37.5        35          40           0             0
    223         7         8         -86.4     -93.6     -79.2        37.5        35          40           0             0
    224         8         8           -72     -79.2     -64.8        37.5        35          40           0             0
    225         9         8         -57.6     -64.8     -50.4        37.5        35          40           0             0
    226        10         8         -43.2     -50.4       -36        37.5        35          40           0             0
    227        11         8         -28.8       -36     -21.6        37.5        35          40           0             0
    228        12         8         -14.4     -21.6      -7.2        37.5        35          40           0             0
    229        13         8   1.42109e-14      -7.2       7.2        37.5        35          40           0             0
    230        14         8          14.4       7.2      21.6        37.5        35          40           0             0
    231        15         8          28.8      21.6        36        37.5        35          40           0             0
    232        16         8          43.2        36      50.4        37.5        35          40           0             0
    233        17         8          57.6      50.4      64.8        37.5        35          40           0             0
    234        18         8            72      64.8      79.2        37.5        35          40           0             0
    235        19         8          86.4      79.2      93.6        37.5        35          40           0             0
    236        20         8         100.8      93.6       108        37.5        35          40       -0.25          0.25
    237        21         8         115.2       108     122.4        37.5        35          40           0             0
    238        22         8         129.6     122.4     136.8        37.5        35          40           1             1
    239        23         8           144     136.8     151.2        37.5        35          40           0             0
    240        24         8         158.4     151.2     165.6        37.5        35          40           0             0
    241        25         8         172.8     165.6       180        37.5        35          40           1             1
