# 2D Histogram Bin Extraction 
#                   
# histogram parameters:  
# ybins      = 8   | ylabel: th_xq_CM [deg] 
# xbins      = 25   | xlabel: phi_xq [deg] 
# ybin width = 5.000 
# xbin width = 14.400 
#                   
# header definitions:
# ib:         (x,y)  bin number 
# xb:         x-axis bin number 
# yb:         y-axis bin number 
# x0:         x-axis central bin value 
# xlow:       x-axis low-edge bin value 
# xup:        x-axis up-edge bin value 
# y0:         y-axis central bin value 
# ylow:       y-axis low-edge bin value 
# yup:        y-axis up-edge bin value 
# zcont:      bin content (z-axis) 
# zcont_err:  bin content error (z-axis) 
#                                        
#! ib[i,0]/  xb[i,1]/  yb[i,2]/  x0[f,3]/  xlow[f,4]/  xup[f,5]/  y0[f,6]/  ylow[f,7]/  yup[f,8]/  zcont[f,9]/  zcont_err[f,10]/  
     28         1         1        -172.8      -180    -165.6         2.5         0           5       24.75       5.00625
     29         2         1        -158.4    -165.6    -151.2         2.5         0           5          31       5.56776
     30         3         1          -144    -151.2    -136.8         2.5         0           5        25.5       5.11126
     31         4         1        -129.6    -136.8    -122.4         2.5         0           5        20.5       4.59619
     32         5         1        -115.2    -122.4      -108         2.5         0           5        11.5        3.4821
     33         6         1        -100.8      -108     -93.6         2.5         0           5        20.5       4.59619
     34         7         1         -86.4     -93.6     -79.2         2.5         0           5          13       3.60555
     35         8         1           -72     -79.2     -64.8         2.5         0           5          10       3.16228
     36         9         1         -57.6     -64.8     -50.4         2.5         0           5          10       3.16228
     37        10         1         -43.2     -50.4       -36         2.5         0           5        4.75          2.25
     38        11         1         -28.8       -36     -21.6         2.5         0           5           4             2
     39        12         1         -14.4     -21.6      -7.2         2.5         0           5           4             2
     40        13         1   1.42109e-14      -7.2       7.2         2.5         0           5         2.5       1.76777
     41        14         1          14.4       7.2      21.6         2.5         0           5           5       2.23607
     42        15         1          28.8      21.6        36         2.5         0           5        5.75       2.46221
     43        16         1          43.2        36      50.4         2.5         0           5           6       2.44949
     44        17         1          57.6      50.4      64.8         2.5         0           5          14       3.74166
     45        18         1            72      64.8      79.2         2.5         0           5           9             3
     46        19         1          86.4      79.2      93.6         2.5         0           5        13.5       3.75832
     47        20         1         100.8      93.6       108         2.5         0           5          16             4
     48        21         1         115.2       108     122.4         2.5         0           5        18.5       4.37321
     49        22         1         129.6     122.4     136.8         2.5         0           5        28.5       5.39676
     50        23         1           144     136.8     151.2         2.5         0           5          23       4.79583
     51        24         1         158.4     151.2     165.6         2.5         0           5       17.75          4.25
     52        25         1         172.8     165.6       180         2.5         0           5       25.75       5.10514
     55         1         2        -172.8      -180    -165.6         7.5         5          10         117       10.8743
     56         2         2        -158.4    -165.6    -151.2         7.5         5          10      122.75       11.1496
     57         3         2          -144    -151.2    -136.8         7.5         5          10       105.5       10.3017
     58         4         2        -129.6    -136.8    -122.4         7.5         5          10        99.5       10.0685
     59         5         2        -115.2    -122.4      -108         7.5         5          10       85.25        9.4174
     60         6         2        -100.8      -108     -93.6         7.5         5          10       52.25       7.29298
     61         7         2         -86.4     -93.6     -79.2         7.5         5          10       30.75       5.57337
     62         8         2           -72     -79.2     -64.8         7.5         5          10          13       3.60555
     63         9         2         -57.6     -64.8     -50.4         7.5         5          10       12.75       3.61421
     64        10         2         -43.2     -50.4       -36         7.5         5          10           6       2.44949
     65        11         2         -28.8       -36     -21.6         7.5         5          10        0.75       1.03078
     66        12         2         -14.4     -21.6      -7.2         7.5         5          10           0             0
     67        13         2   1.42109e-14      -7.2       7.2         7.5         5          10           1             1
     68        14         2          14.4       7.2      21.6         7.5         5          10           0             0
     69        15         2          28.8      21.6        36         7.5         5          10           1             1
     70        16         2          43.2        36      50.4         7.5         5          10           4             2
     71        17         2          57.6      50.4      64.8         7.5         5          10       12.25       3.63146
     72        18         2            72      64.8      79.2         7.5         5          10        26.5       5.20817
     73        19         2          86.4      79.2      93.6         7.5         5          10       23.75       4.90535
     74        20         2         100.8      93.6       108         7.5         5          10        54.5       7.42462
     75        21         2         115.2       108     122.4         7.5         5          10       77.25       8.84237
     76        22         2         129.6     122.4     136.8         7.5         5          10      121.25       11.0538
     77        23         2           144     136.8     151.2         7.5         5          10         121            11
     78        24         2         158.4     151.2     165.6         7.5         5          10      122.25       11.1552
     79        25         2         172.8     165.6       180         7.5         5          10         125       11.2916
     82         1         3        -172.8      -180    -165.6        12.5        10          15       169.5       13.0432
     83         2         3        -158.4    -165.6    -151.2        12.5        10          15      186.25       13.7273
     84         3         3          -144    -151.2    -136.8        12.5        10          15      181.75       13.5854
     85         4         3        -129.6    -136.8    -122.4        12.5        10          15      169.25       13.0456
     86         5         3        -115.2    -122.4      -108        12.5        10          15         107       10.4043
     87         6         3        -100.8      -108     -93.6        12.5        10          15       63.75       8.15858
     88         7         3         -86.4     -93.6     -79.2        12.5        10          15       38.25       6.25999
     89         8         3           -72     -79.2     -64.8        12.5        10          15       27.75       5.29741
     90         9         3         -57.6     -64.8     -50.4        12.5        10          15           2       1.41421
     91        10         3         -43.2     -50.4       -36        12.5        10          15           0             0
     92        11         3         -28.8       -36     -21.6        12.5        10          15           1             1
     93        12         3         -14.4     -21.6      -7.2        12.5        10          15           0             0
     94        13         3   1.42109e-14      -7.2       7.2        12.5        10          15           0             0
     95        14         3          14.4       7.2      21.6        12.5        10          15           0             0
     96        15         3          28.8      21.6        36        12.5        10          15           0             0
     97        16         3          43.2        36      50.4        12.5        10          15           0             0
     98        17         3          57.6      50.4      64.8        12.5        10          15           4             2
     99        18         3            72      64.8      79.2        12.5        10          15          18       4.24264
    100        19         3          86.4      79.2      93.6        12.5        10          15        53.5       7.35697
    101        20         3         100.8      93.6       108        12.5        10          15       79.25       8.95475
    102        21         3         115.2       108     122.4        12.5        10          15       121.5       11.1074
    103        22         3         129.6     122.4     136.8        12.5        10          15       166.5       12.9759
    104        23         3           144     136.8     151.2        12.5        10          15      170.75       13.1743
    105        24         3         158.4     151.2     165.6        12.5        10          15       181.5       13.5877
    106        25         3         172.8     165.6       180        12.5        10          15       176.5       13.3557
    109         1         4        -172.8      -180    -165.6        17.5        15          20        96.5       9.98123
    110         2         4        -158.4    -165.6    -151.2        17.5        15          20      145.75       12.1886
    111         3         4          -144    -151.2    -136.8        17.5        15          20      124.25       11.2444
    112         4         4        -129.6    -136.8    -122.4        17.5        15          20       148.5       12.2627
    113         5         4        -115.2    -122.4      -108        17.5        15          20         110       10.6066
    114         6         4        -100.8      -108     -93.6        17.5        15          20        80.5       9.07607
    115         7         4         -86.4     -93.6     -79.2        17.5        15          20        31.5       5.66789
    116         8         4           -72     -79.2     -64.8        17.5        15          20         7.5       2.85044
    117         9         4         -57.6     -64.8     -50.4        17.5        15          20        0.75       1.03078
    118        10         4         -43.2     -50.4       -36        17.5        15          20           0             0
    119        11         4         -28.8       -36     -21.6        17.5        15          20           0             0
    120        12         4         -14.4     -21.6      -7.2        17.5        15          20           0             0
    121        13         4   1.42109e-14      -7.2       7.2        17.5        15          20           0             0
    122        14         4          14.4       7.2      21.6        17.5        15          20           0             0
    123        15         4          28.8      21.6        36        17.5        15          20           0             0
    124        16         4          43.2        36      50.4        17.5        15          20           0             0
    125        17         4          57.6      50.4      64.8        17.5        15          20           3       1.73205
    126        18         4            72      64.8      79.2        17.5        15          20        10.5       3.33542
    127        19         4          86.4      79.2      93.6        17.5        15          20          51       7.22842
    128        20         4         100.8      93.6       108        17.5        15          20        81.5       9.13099
    129        21         4         115.2       108     122.4        17.5        15          20         116       10.8858
    130        22         4         129.6     122.4     136.8        17.5        15          20      139.25       11.8401
    131        23         4           144     136.8     151.2        17.5        15          20      123.25       11.1999
    132        24         4         158.4     151.2     165.6        17.5        15          20      101.75       10.1643
    133        25         4         172.8     165.6       180        17.5        15          20       86.25       9.40412
    136         1         5        -172.8      -180    -165.6        22.5        20          25          23       4.79583
    137         2         5        -158.4    -165.6    -151.2        22.5        20          25       40.25       6.41775
    138         3         5          -144    -151.2    -136.8        22.5        20          25       51.25       7.22409
    139         4         5        -129.6    -136.8    -122.4        22.5        20          25          73       8.61684
    140         5         5        -115.2    -122.4      -108        22.5        20          25        73.5       8.68188
    141         6         5        -100.8      -108     -93.6        22.5        20          25       44.25       6.72216
    142         7         5         -86.4     -93.6     -79.2        22.5        20          25        11.5        3.4821
    143         8         5           -72     -79.2     -64.8        22.5        20          25           6       2.44949
    144         9         5         -57.6     -64.8     -50.4        22.5        20          25           0             0
    145        10         5         -43.2     -50.4       -36        22.5        20          25           0             0
    146        11         5         -28.8       -36     -21.6        22.5        20          25           0             0
    147        12         5         -14.4     -21.6      -7.2        22.5        20          25           0             0
    148        13         5   1.42109e-14      -7.2       7.2        22.5        20          25           0             0
    149        14         5          14.4       7.2      21.6        22.5        20          25           0             0
    150        15         5          28.8      21.6        36        22.5        20          25           0             0
    151        16         5          43.2        36      50.4        22.5        20          25           0             0
    152        17         5          57.6      50.4      64.8        22.5        20          25           1             1
    153        18         5            72      64.8      79.2        22.5        20          25         5.5       2.47487
    154        19         5          86.4      79.2      93.6        22.5        20          25          20       4.47214
    155        20         5         100.8      93.6       108        22.5        20          25       39.75       6.42748
    156        21         5         115.2       108     122.4        22.5        20          25       66.75       8.26514
    157        22         5         129.6     122.4     136.8        22.5        20          25       52.25       7.29298
    158        23         5           144     136.8     151.2        22.5        20          25          53       7.28011
    159        24         5         158.4     151.2     165.6        22.5        20          25        37.5       6.17454
    160        25         5         172.8     165.6       180        22.5        20          25       29.75       5.48293
    163         1         6        -172.8      -180    -165.6        27.5        25          30           1             1
    164         2         6        -158.4    -165.6    -151.2        27.5        25          30           8       2.82843
    165         3         6          -144    -151.2    -136.8        27.5        25          30           6       2.44949
    166         4         6        -129.6    -136.8    -122.4        27.5        25          30       23.75       4.90535
    167         5         6        -115.2    -122.4      -108        27.5        25          30       21.75       4.69707
    168         6         6        -100.8      -108     -93.6        27.5        25          30        14.5       3.88909
    169         7         6         -86.4     -93.6     -79.2        27.5        25          30           3       1.73205
    170         8         6           -72     -79.2     -64.8        27.5        25          30           2       1.41421
    171         9         6         -57.6     -64.8     -50.4        27.5        25          30           0             0
    172        10         6         -43.2     -50.4       -36        27.5        25          30           0             0
    173        11         6         -28.8       -36     -21.6        27.5        25          30           1             1
    174        12         6         -14.4     -21.6      -7.2        27.5        25          30           0             0
    175        13         6   1.42109e-14      -7.2       7.2        27.5        25          30           0             0
    176        14         6          14.4       7.2      21.6        27.5        25          30           0             0
    177        15         6          28.8      21.6        36        27.5        25          30           0             0
    178        16         6          43.2        36      50.4        27.5        25          30           0             0
    179        17         6          57.6      50.4      64.8        27.5        25          30       -0.25          0.25
    180        18         6            72      64.8      79.2        27.5        25          30           1             1
    181        19         6          86.4      79.2      93.6        27.5        25          30           3       1.73205
    182        20         6         100.8      93.6       108        27.5        25          30         5.5       2.47487
    183        21         6         115.2       108     122.4        27.5        25          30       13.75          3.75
    184        22         6         129.6     122.4     136.8        27.5        25          30        19.5       4.48609
    185        23         6           144     136.8     151.2        27.5        25          30          10       3.16228
    186        24         6         158.4     151.2     165.6        27.5        25          30         3.5       2.03101
    187        25         6         172.8     165.6       180        27.5        25          30           0             0
    190         1         7        -172.8      -180    -165.6        32.5        30          35           0             0
    191         2         7        -158.4    -165.6    -151.2        32.5        30          35           1             1
    192         3         7          -144    -151.2    -136.8        32.5        30          35           0             0
    193         4         7        -129.6    -136.8    -122.4        32.5        30          35           0             0
    194         5         7        -115.2    -122.4      -108        32.5        30          35           2       1.41421
    195         6         7        -100.8      -108     -93.6        32.5        30          35           1             1
    196         7         7         -86.4     -93.6     -79.2        32.5        30          35           0             0
    197         8         7           -72     -79.2     -64.8        32.5        30          35           0             0
    198         9         7         -57.6     -64.8     -50.4        32.5        30          35           0             0
    199        10         7         -43.2     -50.4       -36        32.5        30          35           0             0
    200        11         7         -28.8       -36     -21.6        32.5        30          35           0             0
    201        12         7         -14.4     -21.6      -7.2        32.5        30          35           0             0
    202        13         7   1.42109e-14      -7.2       7.2        32.5        30          35           0             0
    203        14         7          14.4       7.2      21.6        32.5        30          35           0             0
    204        15         7          28.8      21.6        36        32.5        30          35           0             0
    205        16         7          43.2        36      50.4        32.5        30          35           0             0
    206        17         7          57.6      50.4      64.8        32.5        30          35           0             0
    207        18         7            72      64.8      79.2        32.5        30          35           0             0
    208        19         7          86.4      79.2      93.6        32.5        30          35           0             0
    209        20         7         100.8      93.6       108        32.5        30          35       -0.25          0.25
    210        21         7         115.2       108     122.4        32.5        30          35        0.25       1.08972
    211        22         7         129.6     122.4     136.8        32.5        30          35           2       1.41421
    212        23         7           144     136.8     151.2        32.5        30          35           0             0
    213        24         7         158.4     151.2     165.6        32.5        30          35       -0.25          0.25
    214        25         7         172.8     165.6       180        32.5        30          35           0             0
    217         1         8        -172.8      -180    -165.6        37.5        35          40           0             0
    218         2         8        -158.4    -165.6    -151.2        37.5        35          40           0             0
    219         3         8          -144    -151.2    -136.8        37.5        35          40           1             1
    220         4         8        -129.6    -136.8    -122.4        37.5        35          40           0             0
    221         5         8        -115.2    -122.4      -108        37.5        35          40           0             0
    222         6         8        -100.8      -108     -93.6        37.5        35          40           0             0
    223         7         8         -86.4     -93.6     -79.2        37.5        35          40           0             0
    224         8         8           -72     -79.2     -64.8        37.5        35          40           1             1
    225         9         8         -57.6     -64.8     -50.4        37.5        35          40           0             0
    226        10         8         -43.2     -50.4       -36        37.5        35          40           0             0
    227        11         8         -28.8       -36     -21.6        37.5        35          40           0             0
    228        12         8         -14.4     -21.6      -7.2        37.5        35          40           0             0
    229        13         8   1.42109e-14      -7.2       7.2        37.5        35          40           0             0
    230        14         8          14.4       7.2      21.6        37.5        35          40           0             0
    231        15         8          28.8      21.6        36        37.5        35          40           0             0
    232        16         8          43.2        36      50.4        37.5        35          40           0             0
    233        17         8          57.6      50.4      64.8        37.5        35          40           0             0
    234        18         8            72      64.8      79.2        37.5        35          40           0             0
    235        19         8          86.4      79.2      93.6        37.5        35          40           0             0
    236        20         8         100.8      93.6       108        37.5        35          40           0             0
    237        21         8         115.2       108     122.4        37.5        35          40           0             0
    238        22         8         129.6     122.4     136.8        37.5        35          40           0             0
    239        23         8           144     136.8     151.2        37.5        35          40           0             0
    240        24         8         158.4     151.2     165.6        37.5        35          40           0             0
    241        25         8         172.8     165.6       180        37.5        35          40           0             0
