# 2D Histogram Bin Extraction 
#                   
# histogram parameters:  
# ybins      = 8   | ylabel: th_xq_CM [deg] 
# xbins      = 25   | xlabel: phi_xq [deg] 
# ybin width = 5.000 
# xbin width = 14.400 
#                   
# header definitions:
# ib:         (x,y)  bin number 
# xb:         x-axis bin number 
# yb:         y-axis bin number 
# x0:         x-axis central bin value 
# xlow:       x-axis low-edge bin value 
# xup:        x-axis up-edge bin value 
# y0:         y-axis central bin value 
# ylow:       y-axis low-edge bin value 
# yup:        y-axis up-edge bin value 
# zcont:      bin content (z-axis) 
# zcont_err:  bin content error (z-axis) 
#                                        
#! ib[i,0]/  xb[i,1]/  yb[i,2]/  x0[f,3]/  xlow[f,4]/  xup[f,5]/  y0[f,6]/  ylow[f,7]/  yup[f,8]/  zcont[f,9]/  zcont_err[f,10]/  
     28         1         1        -172.8      -180    -165.6         2.5         0           5        43.5       6.64267
     29         2         1        -158.4    -165.6    -151.2         2.5         0           5       44.75       6.71286
     30         3         1          -144    -151.2    -136.8         2.5         0           5        48.5       7.00892
     31         4         1        -129.6    -136.8    -122.4         2.5         0           5        47.5       7.02673
     32         5         1        -115.2    -122.4      -108         2.5         0           5          68       8.24621
     33         6         1        -100.8      -108     -93.6         2.5         0           5          43       6.65207
     34         7         1         -86.4     -93.6     -79.2         2.5         0           5       71.75       8.48896
     35         8         1           -72     -79.2     -64.8         2.5         0           5          52        7.2111
     36         9         1         -57.6     -64.8     -50.4         2.5         0           5        50.5       7.15017
     37        10         1         -43.2     -50.4       -36         2.5         0           5       64.25       8.07388
     38        11         1         -28.8       -36     -21.6         2.5         0           5       50.25       7.15454
     39        12         1         -14.4     -21.6      -7.2         2.5         0           5       38.75          6.25
     40        13         1   1.42109e-14      -7.2       7.2         2.5         0           5       44.75       6.80533
     41        14         1          14.4       7.2      21.6         2.5         0           5          55        7.4162
     42        15         1          28.8      21.6        36         2.5         0           5          53       7.28011
     43        16         1          43.2        36      50.4         2.5         0           5        48.5       7.00892
     44        17         1          57.6      50.4      64.8         2.5         0           5        47.5       6.93722
     45        18         1            72      64.8      79.2         2.5         0           5       50.75       7.23274
     46        19         1          86.4      79.2      93.6         2.5         0           5       50.75        7.1458
     47        20         1         100.8      93.6       108         2.5         0           5          50       7.15891
     48        21         1         115.2       108     122.4         2.5         0           5        42.5       6.56696
     49        22         1         129.6     122.4     136.8         2.5         0           5       52.25       7.29298
     50        23         1           144     136.8     151.2         2.5         0           5       46.75       6.86021
     51        24         1         158.4     151.2     165.6         2.5         0           5       56.75       7.55397
     52        25         1         172.8     165.6       180         2.5         0           5        61.5       7.88194
     55         1         2        -172.8      -180    -165.6         7.5         5          10        96.5       9.91842
     56         2         2        -158.4    -165.6    -151.2         7.5         5          10         127       11.3248
     57         3         2          -144    -151.2    -136.8         7.5         5          10         112       10.6419
     58         4         2        -129.6    -136.8    -122.4         7.5         5          10       136.5         11.71
     59         5         2        -115.2    -122.4      -108         7.5         5          10         165       12.8938
     60         6         2        -100.8      -108     -93.6         7.5         5          10         162       12.8258
     61         7         2         -86.4     -93.6     -79.2         7.5         5          10      167.25       12.9687
     62         8         2           -72     -79.2     -64.8         7.5         5          10         130       11.4564
     63         9         2         -57.6     -64.8     -50.4         7.5         5          10         122        11.158
     64        10         2         -43.2     -50.4       -36         7.5         5          10      112.25       10.6975
     65        11         2         -28.8       -36     -21.6         7.5         5          10          96       9.92472
     66        12         2         -14.4     -21.6      -7.2         7.5         5          10         113       10.7471
     67        13         2   1.42109e-14      -7.2       7.2         7.5         5          10      124.75       11.2389
     68        14         2          14.4       7.2      21.6         7.5         5          10       120.5       11.0623
     69        15         2          28.8      21.6        36         7.5         5          10       129.5       11.5163
     70        16         2          43.2        36      50.4         7.5         5          10      136.75       11.8664
     71        17         2          57.6      50.4      64.8         7.5         5          10      130.75       11.5027
     72        18         2            72      64.8      79.2         7.5         5          10       140.5       11.9321
     73        19         2          86.4      79.2      93.6         7.5         5          10      142.75        12.013
     74        20         2         100.8      93.6       108         7.5         5          10         132       11.5434
     75        21         2         115.2       108     122.4         7.5         5          10         115       10.7819
     76        22         2         129.6     122.4     136.8         7.5         5          10      128.75       11.3606
     77        23         2           144     136.8     151.2         7.5         5          10       107.5       10.4583
     78        24         2         158.4     151.2     165.6         7.5         5          10      120.75       11.0028
     79        25         2         172.8     165.6       180         7.5         5          10          88       9.44722
     82         1         3        -172.8      -180    -165.6        12.5        10          15       93.75       9.69858
     83         2         3        -158.4    -165.6    -151.2        12.5        10          15      102.75        10.152
     84         3         3          -144    -151.2    -136.8        12.5        10          15         130       11.5109
     85         4         3        -129.6    -136.8    -122.4        12.5        10          15      147.25       12.1732
     86         5         3        -115.2    -122.4      -108        12.5        10          15      206.25        14.394
     87         6         3        -100.8      -108     -93.6        12.5        10          15      195.75       14.0468
     88         7         3         -86.4     -93.6     -79.2        12.5        10          15       205.5       14.4439
     89         8         3           -72     -79.2     -64.8        12.5        10          15         235        15.411
     90         9         3         -57.6     -64.8     -50.4        12.5        10          15         186       13.7295
     91        10         3         -43.2     -50.4       -36        12.5        10          15      139.25       11.9452
     92        11         3         -28.8       -36     -21.6        12.5        10          15      100.25       10.2439
     93        12         3         -14.4     -21.6      -7.2        12.5        10          15      105.75       10.3592
     94        13         3   1.42109e-14      -7.2       7.2        12.5        10          15          85       9.35414
     95        14         3          14.4       7.2      21.6        12.5        10          15      104.25       10.3169
     96        15         3          28.8      21.6        36        12.5        10          15       119.5       11.1859
     97        16         3          43.2        36      50.4        12.5        10          15      150.25       12.3466
     98        17         3          57.6      50.4      64.8        12.5        10          15         163       12.8647
     99        18         3            72      64.8      79.2        12.5        10          15      182.75       13.5762
    100        19         3          86.4      79.2      93.6        12.5        10          15       189.5       13.8789
    101        20         3         100.8      93.6       108        12.5        10          15       156.5       12.6343
    102        21         3         115.2       108     122.4        12.5        10          15       141.5       11.9739
    103        22         3         129.6     122.4     136.8        12.5        10          15         129       11.4127
    104        23         3           144     136.8     151.2        12.5        10          15        82.5       9.11729
    105        24         3         158.4     151.2     165.6        12.5        10          15          67       8.26136
    106        25         3         172.8     165.6       180        12.5        10          15       70.25       8.43727
    109         1         4        -172.8      -180    -165.6        17.5        15          20          24       4.89898
    110         2         4        -158.4    -165.6    -151.2        17.5        15          20          41       6.40312
    111         3         4          -144    -151.2    -136.8        17.5        15          20          49             7
    112         4         4        -129.6    -136.8    -122.4        17.5        15          20        90.5       9.61119
    113         5         4        -115.2    -122.4      -108        17.5        15          20       157.5       12.6244
    114         6         4        -100.8      -108     -93.6        17.5        15          20       210.5       14.5731
    115         7         4         -86.4     -93.6     -79.2        17.5        15          20      211.75        14.648
    116         8         4           -72     -79.2     -64.8        17.5        15          20      238.75       15.5423
    117         9         4         -57.6     -64.8     -50.4        17.5        15          20      155.75        12.691
    118        10         4         -43.2     -50.4       -36        17.5        15          20       134.5       11.8374
    119        11         4         -28.8       -36     -21.6        17.5        15          20      111.75       10.7034
    120        12         4         -14.4     -21.6      -7.2        17.5        15          20       80.75       9.07262
    121        13         4   1.42109e-14      -7.2       7.2        17.5        15          20       65.75       8.28025
    122        14         4          14.4       7.2      21.6        17.5        15          20          59       7.84219
    123        15         4          28.8      21.6        36        17.5        15          20      102.25       10.2804
    124        16         4          43.2        36      50.4        17.5        15          20         146       12.1861
    125        17         4          57.6      50.4      64.8        17.5        15          20       144.5       12.2014
    126        18         4            72      64.8      79.2        17.5        15          20       156.5       12.6837
    127        19         4          86.4      79.2      93.6        17.5        15          20       164.5       12.8986
    128        20         4         100.8      93.6       108        17.5        15          20       141.5       11.9216
    129        21         4         115.2       108     122.4        17.5        15          20       129.5       11.4072
    130        22         4         129.6     122.4     136.8        17.5        15          20        64.5       8.07001
    131        23         4           144     136.8     151.2        17.5        15          20       53.75       7.35272
    132        24         4         158.4     151.2     165.6        17.5        15          20          41       6.40312
    133        25         4         172.8     165.6       180        17.5        15          20          30       5.47723
    136         1         5        -172.8      -180    -165.6        22.5        20          25           5       2.23607
    137         2         5        -158.4    -165.6    -151.2        22.5        20          25           2       1.41421
    138         3         5          -144    -151.2    -136.8        22.5        20          25          15       3.87298
    139         4         5        -129.6    -136.8    -122.4        22.5        20          25        44.5       6.71751
    140         5         5        -115.2    -122.4      -108        22.5        20          25       101.5       10.1057
    141         6         5        -100.8      -108     -93.6        22.5        20          25       155.5        12.495
    142         7         5         -86.4     -93.6     -79.2        22.5        20          25       181.5       13.5877
    143         8         5           -72     -79.2     -64.8        22.5        20          25      172.75         13.25
    144         9         5         -57.6     -64.8     -50.4        22.5        20          25      120.25       11.0651
    145        10         5         -43.2     -50.4       -36        22.5        20          25       105.5       10.4821
    146        11         5         -28.8       -36     -21.6        22.5        20          25       70.75       8.57686
    147        12         5         -14.4     -21.6      -7.2        22.5        20          25        49.5       7.16764
    148        13         5   1.42109e-14      -7.2       7.2        22.5        20          25       53.25       7.36122
    149        14         5          14.4       7.2      21.6        22.5        20          25          52       7.38241
    150        15         5          28.8      21.6        36        22.5        20          25        68.5       8.53669
    151        16         5          43.2        36      50.4        22.5        20          25       90.25       9.67923
    152        17         5          57.6      50.4      64.8        22.5        20          25         119       11.0793
    153        18         5            72      64.8      79.2        22.5        20          25          93       9.70824
    154        19         5          86.4      79.2      93.6        22.5        20          25       89.75       9.55576
    155        20         5         100.8      93.6       108        22.5        20          25       78.25       8.89874
    156        21         5         115.2       108     122.4        22.5        20          25        60.5       7.81825
    157        22         5         129.6     122.4     136.8        22.5        20          25       33.75       5.83631
    158        23         5           144     136.8     151.2        22.5        20          25       17.75          4.25
    159        24         5         158.4     151.2     165.6        22.5        20          25        5.75       2.46221
    160        25         5         172.8     165.6       180        22.5        20          25           3       1.73205
    163         1         6        -172.8      -180    -165.6        27.5        25          30           0             0
    164         2         6        -158.4    -165.6    -151.2        27.5        25          30           0             0
    165         3         6          -144    -151.2    -136.8        27.5        25          30           1             1
    166         4         6        -129.6    -136.8    -122.4        27.5        25          30          10       3.16228
    167         5         6        -115.2    -122.4      -108        27.5        25          30        35.5       6.01041
    168         6         6        -100.8      -108     -93.6        27.5        25          30       81.25       9.06573
    169         7         6         -86.4     -93.6     -79.2        27.5        25          30       86.75       9.46375
    170         8         6           -72     -79.2     -64.8        27.5        25          30          90       9.61769
    171         9         6         -57.6     -64.8     -50.4        27.5        25          30          95        9.9373
    172        10         6         -43.2     -50.4       -36        27.5        25          30       63.75       8.23483
    173        11         6         -28.8       -36     -21.6        27.5        25          30          25       5.12348
    174        12         6         -14.4     -21.6      -7.2        27.5        25          30          22       4.82183
    175        13         6   1.42109e-14      -7.2       7.2        27.5        25          30       12.25       3.63146
    176        14         6          14.4       7.2      21.6        27.5        25          30        14.5       3.88909
    177        15         6          28.8      21.6        36        27.5        25          30          37        6.2849
    178        16         6          43.2        36      50.4        27.5        25          30          88       9.51315
    179        17         6          57.6      50.4      64.8        27.5        25          30       90.75       9.80115
    180        18         6            72      64.8      79.2        27.5        25          30       59.75       7.83023
    181        19         6          86.4      79.2      93.6        27.5        25          30        37.5       6.17454
    182        20         6         100.8      93.6       108        27.5        25          30          31       5.56776
    183        21         6         115.2       108     122.4        27.5        25          30          12        3.4641
    184        22         6         129.6     122.4     136.8        27.5        25          30        6.75       2.65754
    185        23         6           144     136.8     151.2        27.5        25          30           3       1.73205
    186        24         6         158.4     151.2     165.6        27.5        25          30           0             0
    187        25         6         172.8     165.6       180        27.5        25          30           0             0
    190         1         7        -172.8      -180    -165.6        32.5        30          35           0             0
    191         2         7        -158.4    -165.6    -151.2        32.5        30          35           0             0
    192         3         7          -144    -151.2    -136.8        32.5        30          35           0             0
    193         4         7        -129.6    -136.8    -122.4        32.5        30          35           0             0
    194         5         7        -115.2    -122.4      -108        32.5        30          35           3       1.73205
    195         6         7        -100.8      -108     -93.6        32.5        30          35          14       3.74166
    196         7         7         -86.4     -93.6     -79.2        32.5        30          35       30.25       5.58458
    197         8         7           -72     -79.2     -64.8        32.5        30          35       45.25       6.79614
    198         9         7         -57.6     -64.8     -50.4        32.5        30          35       42.75       6.65676
    199        10         7         -43.2     -50.4       -36        32.5        30          35       25.75       5.34439
    200        11         7         -28.8       -36     -21.6        32.5        30          35        8.75        3.0104
    201        12         7         -14.4     -21.6      -7.2        32.5        30          35         0.5       1.06066
    202        13         7   1.42109e-14      -7.2       7.2        32.5        30          35           0             0
    203        14         7          14.4       7.2      21.6        32.5        30          35           0             0
    204        15         7          28.8      21.6        36        32.5        30          35        3.25       2.04634
    205        16         7          43.2        36      50.4        32.5        30          35       26.25       5.33268
    206        17         7          57.6      50.4      64.8        32.5        30          35       47.75       7.02229
    207        18         7            72      64.8      79.2        32.5        30          35        18.5       4.37321
    208        19         7          86.4      79.2      93.6        32.5        30          35        5.75       2.46221
    209        20         7         100.8      93.6       108        32.5        30          35           9             3
    210        21         7         115.2       108     122.4        32.5        30          35           0             0
    211        22         7         129.6     122.4     136.8        32.5        30          35       -0.25          0.25
    212        23         7           144     136.8     151.2        32.5        30          35           0             0
    213        24         7         158.4     151.2     165.6        32.5        30          35           0             0
    214        25         7         172.8     165.6       180        32.5        30          35           0             0
    217         1         8        -172.8      -180    -165.6        37.5        35          40           0             0
    218         2         8        -158.4    -165.6    -151.2        37.5        35          40           0             0
    219         3         8          -144    -151.2    -136.8        37.5        35          40           0             0
    220         4         8        -129.6    -136.8    -122.4        37.5        35          40           0             0
    221         5         8        -115.2    -122.4      -108        37.5        35          40           1             1
    222         6         8        -100.8      -108     -93.6        37.5        35          40           0             0
    223         7         8         -86.4     -93.6     -79.2        37.5        35          40           0             0
    224         8         8           -72     -79.2     -64.8        37.5        35          40        5.75       2.46221
    225         9         8         -57.6     -64.8     -50.4        37.5        35          40       16.75       4.13068
    226        10         8         -43.2     -50.4       -36        37.5        35          40           4       2.29129
    227        11         8         -28.8       -36     -21.6        37.5        35          40           0             0
    228        12         8         -14.4     -21.6      -7.2        37.5        35          40           0             0
    229        13         8   1.42109e-14      -7.2       7.2        37.5        35          40           0             0
    230        14         8          14.4       7.2      21.6        37.5        35          40           0             0
    231        15         8          28.8      21.6        36        37.5        35          40           1             1
    232        16         8          43.2        36      50.4        37.5        35          40        7.75       2.83945
    233        17         8          57.6      50.4      64.8        37.5        35          40          12       3.64005
    234        18         8            72      64.8      79.2        37.5        35          40        0.75       1.03078
    235        19         8          86.4      79.2      93.6        37.5        35          40           0             0
    236        20         8         100.8      93.6       108        37.5        35          40           0             0
    237        21         8         115.2       108     122.4        37.5        35          40           0             0
    238        22         8         129.6     122.4     136.8        37.5        35          40           0             0
    239        23         8           144     136.8     151.2        37.5        35          40       -0.25          0.25
    240        24         8         158.4     151.2     165.6        37.5        35          40           0             0
    241        25         8         172.8     165.6       180        37.5        35          40           0             0
