# 2D Histogram Bin Extraction 
#                   
# histogram parameters:  
# ybins      = 8   | ylabel: th_xq_CM [deg] 
# xbins      = 25   | xlabel: phi_xq [deg] 
# ybin width = 5.000 
# xbin width = 14.400 
#                   
# header definitions:
# ib:         (x,y)  bin number 
# xb:         x-axis bin number 
# yb:         y-axis bin number 
# x0:         x-axis central bin value 
# xlow:       x-axis low-edge bin value 
# xup:        x-axis up-edge bin value 
# y0:         y-axis central bin value 
# ylow:       y-axis low-edge bin value 
# yup:        y-axis up-edge bin value 
# zcont:      bin content (z-axis) 
# zcont_err:  bin content error (z-axis) 
#                                        
#! ib[i,0]/  xb[i,1]/  yb[i,2]/  x0[f,3]/  xlow[f,4]/  xup[f,5]/  y0[f,6]/  ylow[f,7]/  yup[f,8]/  zcont[f,9]/  zcont_err[f,10]/  
     28         1         1        -172.8      -180    -165.6         2.5         0           5           8       2.82843
     29         2         1        -158.4    -165.6    -151.2         2.5         0           5           9             3
     30         3         1          -144    -151.2    -136.8         2.5         0           5          11       3.31662
     31         4         1        -129.6    -136.8    -122.4         2.5         0           5           3       1.73205
     32         5         1        -115.2    -122.4      -108         2.5         0           5           3       1.73205
     33         6         1        -100.8      -108     -93.6         2.5         0           5           5       2.23607
     34         7         1         -86.4     -93.6     -79.2         2.5         0           5           1             1
     35         8         1           -72     -79.2     -64.8         2.5         0           5           3       1.73205
     36         9         1         -57.6     -64.8     -50.4         2.5         0           5           1             1
     37        10         1         -43.2     -50.4       -36         2.5         0           5           0             0
     38        11         1         -28.8       -36     -21.6         2.5         0           5           3       1.73205
     39        12         1         -14.4     -21.6      -7.2         2.5         0           5           1             1
     40        13         1   1.42109e-14      -7.2       7.2         2.5         0           5           0             0
     41        14         1          14.4       7.2      21.6         2.5         0           5           0             0
     42        15         1          28.8      21.6        36         2.5         0           5           2       1.41421
     43        16         1          43.2        36      50.4         2.5         0           5           1             1
     44        17         1          57.6      50.4      64.8         2.5         0           5           0             0
     45        18         1            72      64.8      79.2         2.5         0           5           4             2
     46        19         1          86.4      79.2      93.6         2.5         0           5           0             0
     47        20         1         100.8      93.6       108         2.5         0           5           7       2.64575
     48        21         1         115.2       108     122.4         2.5         0           5           5       2.23607
     49        22         1         129.6     122.4     136.8         2.5         0           5          10       3.16228
     50        23         1           144     136.8     151.2         2.5         0           5           6       2.44949
     51        24         1         158.4     151.2     165.6         2.5         0           5       13.75          3.75
     52        25         1         172.8     165.6       180         2.5         0           5       19.75       4.47912
     55         1         2        -172.8      -180    -165.6         7.5         5          10       81.25       9.06573
     56         2         2        -158.4    -165.6    -151.2         7.5         5          10       79.75       9.01734
     57         3         2          -144    -151.2    -136.8         7.5         5          10       67.25       8.25757
     58         4         2        -129.6    -136.8    -122.4         7.5         5          10       44.75       6.71286
     59         5         2        -115.2    -122.4      -108         7.5         5          10       34.75       5.92136
     60         6         2        -100.8      -108     -93.6         7.5         5          10          15       3.87298
     61         7         2         -86.4     -93.6     -79.2         7.5         5          10           4             2
     62         8         2           -72     -79.2     -64.8         7.5         5          10           4             2
     63         9         2         -57.6     -64.8     -50.4         7.5         5          10           0             0
     64        10         2         -43.2     -50.4       -36         7.5         5          10           0             0
     65        11         2         -28.8       -36     -21.6         7.5         5          10           0             0
     66        12         2         -14.4     -21.6      -7.2         7.5         5          10           0             0
     67        13         2   1.42109e-14      -7.2       7.2         7.5         5          10           0             0
     68        14         2          14.4       7.2      21.6         7.5         5          10           0             0
     69        15         2          28.8      21.6        36         7.5         5          10           0             0
     70        16         2          43.2        36      50.4         7.5         5          10           0             0
     71        17         2          57.6      50.4      64.8         7.5         5          10           1             1
     72        18         2            72      64.8      79.2         7.5         5          10        1.75       1.43614
     73        19         2          86.4      79.2      93.6         7.5         5          10        7.75       2.83945
     74        20         2         100.8      93.6       108         7.5         5          10          14       3.74166
     75        21         2         115.2       108     122.4         7.5         5          10       23.75       4.90535
     76        22         2         129.6     122.4     136.8         7.5         5          10       47.75       6.93271
     77        23         2           144     136.8     151.2         7.5         5          10          61       7.81025
     78        24         2         158.4     151.2     165.6         7.5         5          10        64.5       8.07001
     79        25         2         172.8     165.6       180         7.5         5          10          65       8.06226
     82         1         3        -172.8      -180    -165.6        12.5        10          15      159.25       12.6565
     83         2         3        -158.4    -165.6    -151.2        12.5        10          15       165.5       12.8889
     84         3         3          -144    -151.2    -136.8        12.5        10          15      158.25        12.617
     85         4         3        -129.6    -136.8    -122.4        12.5        10          15       93.75       9.76281
     86         5         3        -115.2    -122.4      -108        12.5        10          15       58.75       7.68521
     87         6         3        -100.8      -108     -93.6        12.5        10          15       24.75       5.00625
     88         7         3         -86.4     -93.6     -79.2        12.5        10          15           6       2.44949
     89         8         3           -72     -79.2     -64.8        12.5        10          15        2.75          1.75
     90         9         3         -57.6     -64.8     -50.4        12.5        10          15           0             0
     91        10         3         -43.2     -50.4       -36        12.5        10          15           0             0
     92        11         3         -28.8       -36     -21.6        12.5        10          15           0             0
     93        12         3         -14.4     -21.6      -7.2        12.5        10          15           0             0
     94        13         3   1.42109e-14      -7.2       7.2        12.5        10          15           0             0
     95        14         3          14.4       7.2      21.6        12.5        10          15           0             0
     96        15         3          28.8      21.6        36        12.5        10          15           0             0
     97        16         3          43.2        36      50.4        12.5        10          15           0             0
     98        17         3          57.6      50.4      64.8        12.5        10          15           0             0
     99        18         3            72      64.8      79.2        12.5        10          15           2       1.41421
    100        19         3          86.4      79.2      93.6        12.5        10          15           7       2.64575
    101        20         3         100.8      93.6       108        12.5        10          15          30       5.47723
    102        21         3         115.2       108     122.4        12.5        10          15          60       7.74597
    103        22         3         129.6     122.4     136.8        12.5        10          15      100.75        10.053
    104        23         3           144     136.8     151.2        12.5        10          15        97.5       9.90581
    105        24         3         158.4     151.2     165.6        12.5        10          15      126.75       11.3275
    106        25         3         172.8     165.6       180        12.5        10          15       158.5       12.6639
    109         1         4        -172.8      -180    -165.6        17.5        15          20       115.5       10.7761
    110         2         4        -158.4    -165.6    -151.2        17.5        15          20       135.5       11.6673
    111         3         4          -144    -151.2    -136.8        17.5        15          20       132.5        11.538
    112         4         4        -129.6    -136.8    -122.4        17.5        15          20         115       10.7819
    113         5         4        -115.2    -122.4      -108        17.5        15          20       76.25       8.78564
    114         6         4        -100.8      -108     -93.6        17.5        15          20          32       5.65685
    115         7         4         -86.4     -93.6     -79.2        17.5        15          20           3       1.73205
    116         8         4           -72     -79.2     -64.8        17.5        15          20           0             0
    117         9         4         -57.6     -64.8     -50.4        17.5        15          20           0             0
    118        10         4         -43.2     -50.4       -36        17.5        15          20           0             0
    119        11         4         -28.8       -36     -21.6        17.5        15          20           0             0
    120        12         4         -14.4     -21.6      -7.2        17.5        15          20           0             0
    121        13         4   1.42109e-14      -7.2       7.2        17.5        15          20           0             0
    122        14         4          14.4       7.2      21.6        17.5        15          20           0             0
    123        15         4          28.8      21.6        36        17.5        15          20           0             0
    124        16         4          43.2        36      50.4        17.5        15          20           0             0
    125        17         4          57.6      50.4      64.8        17.5        15          20           0             0
    126        18         4            72      64.8      79.2        17.5        15          20           1             1
    127        19         4          86.4      79.2      93.6        17.5        15          20        8.75        3.0104
    128        20         4         100.8      93.6       108        17.5        15          20          24       4.89898
    129        21         4         115.2       108     122.4        17.5        15          20       49.75       7.07549
    130        22         4         129.6     122.4     136.8        17.5        15          20        84.5       9.22632
    131        23         4           144     136.8     151.2        17.5        15          20      115.75       10.7732
    132        24         4         158.4     151.2     165.6        17.5        15          20          89       9.43398
    133        25         4         172.8     165.6       180        17.5        15          20          98       9.96243
    136         1         5        -172.8      -180    -165.6        22.5        20          25       36.75        6.0879
    137         2         5        -158.4    -165.6    -151.2        22.5        20          25       44.75       6.71286
    138         3         5          -144    -151.2    -136.8        22.5        20          25        88.5        9.4406
    139         4         5        -129.6    -136.8    -122.4        22.5        20          25       75.75       8.72138
    140         5         5        -115.2    -122.4      -108        22.5        20          25        40.5       6.41288
    141         6         5        -100.8      -108     -93.6        22.5        20          25          19        4.3589
    142         7         5         -86.4     -93.6     -79.2        22.5        20          25           1             1
    143         8         5           -72     -79.2     -64.8        22.5        20          25           0             0
    144         9         5         -57.6     -64.8     -50.4        22.5        20          25           0             0
    145        10         5         -43.2     -50.4       -36        22.5        20          25           0             0
    146        11         5         -28.8       -36     -21.6        22.5        20          25           0             0
    147        12         5         -14.4     -21.6      -7.2        22.5        20          25           0             0
    148        13         5   1.42109e-14      -7.2       7.2        22.5        20          25           0             0
    149        14         5          14.4       7.2      21.6        22.5        20          25           0             0
    150        15         5          28.8      21.6        36        22.5        20          25           0             0
    151        16         5          43.2        36      50.4        22.5        20          25           0             0
    152        17         5          57.6      50.4      64.8        22.5        20          25           0             0
    153        18         5            72      64.8      79.2        22.5        20          25           0             0
    154        19         5          86.4      79.2      93.6        22.5        20          25           1             1
    155        20         5         100.8      93.6       108        22.5        20          25        8.75        3.0104
    156        21         5         115.2       108     122.4        22.5        20          25          24       4.89898
    157        22         5         129.6     122.4     136.8        22.5        20          25          39         6.245
    158        23         5           144     136.8     151.2        22.5        20          25        30.5       5.57898
    159        24         5         158.4     151.2     165.6        22.5        20          25          37       6.08276
    160        25         5         172.8     165.6       180        22.5        20          25       40.75         6.408
    163         1         6        -172.8      -180    -165.6        27.5        25          30           4             2
    164         2         6        -158.4    -165.6    -151.2        27.5        25          30        5.75       2.46221
    165         3         6          -144    -151.2    -136.8        27.5        25          30           8       2.82843
    166         4         6        -129.6    -136.8    -122.4        27.5        25          30       13.75          3.75
    167         5         6        -115.2    -122.4      -108        27.5        25          30          13       3.60555
    168         6         6        -100.8      -108     -93.6        27.5        25          30           2       1.41421
    169         7         6         -86.4     -93.6     -79.2        27.5        25          30           0             0
    170         8         6           -72     -79.2     -64.8        27.5        25          30           0             0
    171         9         6         -57.6     -64.8     -50.4        27.5        25          30           0             0
    172        10         6         -43.2     -50.4       -36        27.5        25          30           0             0
    173        11         6         -28.8       -36     -21.6        27.5        25          30           0             0
    174        12         6         -14.4     -21.6      -7.2        27.5        25          30           0             0
    175        13         6   1.42109e-14      -7.2       7.2        27.5        25          30           0             0
    176        14         6          14.4       7.2      21.6        27.5        25          30           0             0
    177        15         6          28.8      21.6        36        27.5        25          30           0             0
    178        16         6          43.2        36      50.4        27.5        25          30           0             0
    179        17         6          57.6      50.4      64.8        27.5        25          30           0             0
    180        18         6            72      64.8      79.2        27.5        25          30           0             0
    181        19         6          86.4      79.2      93.6        27.5        25          30           0             0
    182        20         6         100.8      93.6       108        27.5        25          30        0.75       1.03078
    183        21         6         115.2       108     122.4        27.5        25          30        2.75          1.75
    184        22         6         129.6     122.4     136.8        27.5        25          30           6       2.44949
    185        23         6           144     136.8     151.2        27.5        25          30          10       3.16228
    186        24         6         158.4     151.2     165.6        27.5        25          30           9             3
    187        25         6         172.8     165.6       180        27.5        25          30           3       1.73205
    190         1         7        -172.8      -180    -165.6        32.5        30          35           0             0
    191         2         7        -158.4    -165.6    -151.2        32.5        30          35           0             0
    192         3         7          -144    -151.2    -136.8        32.5        30          35           1             1
    193         4         7        -129.6    -136.8    -122.4        32.5        30          35           1             1
    194         5         7        -115.2    -122.4      -108        32.5        30          35           0             0
    195         6         7        -100.8      -108     -93.6        32.5        30          35           0             0
    196         7         7         -86.4     -93.6     -79.2        32.5        30          35           0             0
    197         8         7           -72     -79.2     -64.8        32.5        30          35           0             0
    198         9         7         -57.6     -64.8     -50.4        32.5        30          35           0             0
    199        10         7         -43.2     -50.4       -36        32.5        30          35           0             0
    200        11         7         -28.8       -36     -21.6        32.5        30          35           0             0
    201        12         7         -14.4     -21.6      -7.2        32.5        30          35           0             0
    202        13         7   1.42109e-14      -7.2       7.2        32.5        30          35           0             0
    203        14         7          14.4       7.2      21.6        32.5        30          35           0             0
    204        15         7          28.8      21.6        36        32.5        30          35           0             0
    205        16         7          43.2        36      50.4        32.5        30          35           0             0
    206        17         7          57.6      50.4      64.8        32.5        30          35           0             0
    207        18         7            72      64.8      79.2        32.5        30          35           0             0
    208        19         7          86.4      79.2      93.6        32.5        30          35           0             0
    209        20         7         100.8      93.6       108        32.5        30          35       -0.25          0.25
    210        21         7         115.2       108     122.4        32.5        30          35           1             1
    211        22         7         129.6     122.4     136.8        32.5        30          35           0             0
    212        23         7           144     136.8     151.2        32.5        30          35           1             1
    213        24         7         158.4     151.2     165.6        32.5        30          35           0             0
    214        25         7         172.8     165.6       180        32.5        30          35           1             1
    217         1         8        -172.8      -180    -165.6        37.5        35          40           0             0
    218         2         8        -158.4    -165.6    -151.2        37.5        35          40           0             0
    219         3         8          -144    -151.2    -136.8        37.5        35          40           0             0
    220         4         8        -129.6    -136.8    -122.4        37.5        35          40       -0.25          0.25
    221         5         8        -115.2    -122.4      -108        37.5        35          40       -0.25          0.25
    222         6         8        -100.8      -108     -93.6        37.5        35          40           0             0
    223         7         8         -86.4     -93.6     -79.2        37.5        35          40           0             0
    224         8         8           -72     -79.2     -64.8        37.5        35          40           0             0
    225         9         8         -57.6     -64.8     -50.4        37.5        35          40           0             0
    226        10         8         -43.2     -50.4       -36        37.5        35          40           0             0
    227        11         8         -28.8       -36     -21.6        37.5        35          40           0             0
    228        12         8         -14.4     -21.6      -7.2        37.5        35          40           0             0
    229        13         8   1.42109e-14      -7.2       7.2        37.5        35          40           0             0
    230        14         8          14.4       7.2      21.6        37.5        35          40           0             0
    231        15         8          28.8      21.6        36        37.5        35          40           0             0
    232        16         8          43.2        36      50.4        37.5        35          40           0             0
    233        17         8          57.6      50.4      64.8        37.5        35          40           0             0
    234        18         8            72      64.8      79.2        37.5        35          40           0             0
    235        19         8          86.4      79.2      93.6        37.5        35          40           0             0
    236        20         8         100.8      93.6       108        37.5        35          40           0             0
    237        21         8         115.2       108     122.4        37.5        35          40           0             0
    238        22         8         129.6     122.4     136.8        37.5        35          40           0             0
    239        23         8           144     136.8     151.2        37.5        35          40           0             0
    240        24         8         158.4     151.2     165.6        37.5        35          40           1             1
    241        25         8         172.8     165.6       180        37.5        35          40           0             0
