# 2D Histogram Bin Extraction 
#                   
# histogram parameters:  
# ybins      = 8   | ylabel: th_xq_CM [deg] 
# xbins      = 25   | xlabel: phi_xq [deg] 
# ybin width = 5.000 
# xbin width = 14.400 
#                   
# header definitions:
# ib:         (x,y)  bin number 
# xb:         x-axis bin number 
# yb:         y-axis bin number 
# x0:         x-axis central bin value 
# xlow:       x-axis low-edge bin value 
# xup:        x-axis up-edge bin value 
# y0:         y-axis central bin value 
# ylow:       y-axis low-edge bin value 
# yup:        y-axis up-edge bin value 
# zcont:      bin content (z-axis) 
# zcont_err:  bin content error (z-axis) 
#                                        
#! ib[i,0]/  xb[i,1]/  yb[i,2]/  x0[f,3]/  xlow[f,4]/  xup[f,5]/  y0[f,6]/  ylow[f,7]/  yup[f,8]/  zcont[f,9]/  zcont_err[f,10]/  
     28         1         1        -172.8      -180    -165.6         2.5         0           5        8.75        3.0104
     29         2         1        -158.4    -165.6    -151.2         2.5         0           5        5.75       2.70416
     30         3         1          -144    -151.2    -136.8         2.5         0           5       10.75       3.50892
     31         4         1        -129.6    -136.8    -122.4         2.5         0           5         0.5       1.90394
     32         5         1        -115.2    -122.4      -108         2.5         0           5          21       4.97494
     33         6         1        -100.8      -108     -93.6         2.5         0           5          22       5.19615
     34         7         1         -86.4     -93.6     -79.2         2.5         0           5          38       6.55744
     35         8         1           -72     -79.2     -64.8         2.5         0           5        35.5       6.60492
     36         9         1         -57.6     -64.8     -50.4         2.5         0           5          39             7
     37        10         1         -43.2     -50.4       -36         2.5         0           5       67.75       8.90576
     38        11         1         -28.8       -36     -21.6         2.5         0           5       71.25       9.20258
     39        12         1         -14.4     -21.6      -7.2         2.5         0           5       58.75       8.67828
     40        13         1   1.42109e-14      -7.2       7.2         2.5         0           5       63.25        8.9687
     41        14         1          14.4       7.2      21.6         2.5         0           5        53.5       8.16241
     42        15         1          28.8      21.6        36         2.5         0           5       56.75       8.26514
     43        16         1          43.2        36      50.4         2.5         0           5          41       6.96419
     44        17         1          57.6      50.4      64.8         2.5         0           5       24.75       5.92136
     45        18         1            72      64.8      79.2         2.5         0           5          46       7.31437
     46        19         1          86.4      79.2      93.6         2.5         0           5       24.25       5.37936
     47        20         1         100.8      93.6       108         2.5         0           5        10.5       3.85681
     48        21         1         115.2       108     122.4         2.5         0           5       13.25       3.92906
     49        22         1         129.6     122.4     136.8         2.5         0           5        8.25       3.23071
     50        23         1           144     136.8     151.2         2.5         0           5         9.5       3.37268
     51        24         1         158.4     151.2     165.6         2.5         0           5        9.25       3.19179
     52        25         1         172.8     165.6       180         2.5         0           5         6.5       2.66927
     55         1         2        -172.8      -180    -165.6         7.5         5          10        -0.5      0.353553
     56         2         2        -158.4    -165.6    -151.2         7.5         5          10           1             1
     57         3         2          -144    -151.2    -136.8         7.5         5          10         0.5       1.06066
     58         4         2        -129.6    -136.8    -122.4         7.5         5          10         2.5       2.09165
     59         5         2        -115.2    -122.4      -108         7.5         5          10       10.25       3.52668
     60         6         2        -100.8      -108     -93.6         7.5         5          10          20             5
     61         7         2         -86.4     -93.6     -79.2         7.5         5          10        40.5       7.32291
     62         8         2           -72     -79.2     -64.8         7.5         5          10        80.5       10.0561
     63         9         2         -57.6     -64.8     -50.4         7.5         5          10      136.25       13.0743
     64        10         2         -43.2     -50.4       -36         7.5         5          10         181       15.6445
     65        11         2         -28.8       -36     -21.6         7.5         5          10       209.5       17.1792
     66        12         2         -14.4     -21.6      -7.2         7.5         5          10       227.5       18.3201
     67        13         2   1.42109e-14      -7.2       7.2         7.5         5          10      239.75       19.0739
     68        14         2          14.4       7.2      21.6         7.5         5          10      211.25       17.6334
     69        15         2          28.8      21.6        36         7.5         5          10      212.75       16.8986
     70        16         2          43.2        36      50.4         7.5         5          10      117.75       13.4374
     71        17         2          57.6      50.4      64.8         7.5         5          10      108.25       11.9033
     72        18         2            72      64.8      79.2         7.5         5          10       60.75       9.07262
     73        19         2          86.4      79.2      93.6         7.5         5          10       36.25       6.59071
     74        20         2         100.8      93.6       108         7.5         5          10       10.75        4.0078
     75        21         2         115.2       108     122.4         7.5         5          10        4.25       2.53722
     76        22         2         129.6     122.4     136.8         7.5         5          10         5.5       2.47487
     77        23         2           144     136.8     151.2         7.5         5          10        -0.5      0.353553
     78        24         2         158.4     151.2     165.6         7.5         5          10         1.5       1.45774
     79        25         2         172.8     165.6       180         7.5         5          10          -1           0.5
     82         1         3        -172.8      -180    -165.6        12.5        10          15        -0.5      0.353553
     83         2         3        -158.4    -165.6    -151.2        12.5        10          15       -0.75      0.433013
     84         3         3          -144    -151.2    -136.8        12.5        10          15        1.75       1.43614
     85         4         3        -129.6    -136.8    -122.4        12.5        10          15           0       1.11803
     86         5         3        -115.2    -122.4      -108        12.5        10          15        2.75          1.75
     87         6         3        -100.8      -108     -93.6        12.5        10          15        3.75       2.30489
     88         7         3         -86.4     -93.6     -79.2        12.5        10          15       22.25       5.30919
     89         8         3           -72     -79.2     -64.8        12.5        10          15       59.75       9.42404
     90         9         3         -57.6     -64.8     -50.4        12.5        10          15      125.75       13.9127
     91        10         3         -43.2     -50.4       -36        12.5        10          15         200       17.9583
     92        11         3         -28.8       -36     -21.6        12.5        10          15      271.25       21.3527
     93        12         3         -14.4     -21.6      -7.2        12.5        10          15         281       22.4388
     94        13         3   1.42109e-14      -7.2       7.2        12.5        10          15      280.75       22.9361
     95        14         3          14.4       7.2      21.6        12.5        10          15         234       21.4534
     96        15         3          28.8      21.6        36        12.5        10          15      206.25       19.2597
     97        16         3          43.2        36      50.4        12.5        10          15       164.5       16.3592
     98        17         3          57.6      50.4      64.8        12.5        10          15         113       12.9132
     99        18         3            72      64.8      79.2        12.5        10          15          45       8.51469
    100        19         3          86.4      79.2      93.6        12.5        10          15        16.5       4.70372
    101        20         3         100.8      93.6       108        12.5        10          15        4.25       2.53722
    102        21         3         115.2       108     122.4        12.5        10          15        2.75          1.75
    103        22         3         129.6     122.4     136.8        12.5        10          15       -0.25          0.25
    104        23         3           144     136.8     151.2        12.5        10          15         0.5       1.06066
    105        24         3         158.4     151.2     165.6        12.5        10          15           0             0
    106        25         3         172.8     165.6       180        12.5        10          15           0             0
    109         1         4        -172.8      -180    -165.6        17.5        15          20       -0.25          0.25
    110         2         4        -158.4    -165.6    -151.2        17.5        15          20           1             1
    111         3         4          -144    -151.2    -136.8        17.5        15          20        0.75       1.03078
    112         4         4        -129.6    -136.8    -122.4        17.5        15          20           0             0
    113         5         4        -115.2    -122.4      -108        17.5        15          20       -0.25          0.25
    114         6         4        -100.8      -108     -93.6        17.5        15          20       -0.75      0.433013
    115         7         4         -86.4     -93.6     -79.2        17.5        15          20        2.25       2.10654
    116         8         4           -72     -79.2     -64.8        17.5        15          20       18.25       5.62917
    117         9         4         -57.6     -64.8     -50.4        17.5        15          20          81       11.8743
    118        10         4         -43.2     -50.4       -36        17.5        15          20         141       16.7257
    119        11         4         -28.8       -36     -21.6        17.5        15          20         169        19.564
    120        12         4         -14.4     -21.6      -7.2        17.5        15          20         131       19.8368
    121        13         4   1.42109e-14      -7.2       7.2        17.5        15          20      142.75       19.8258
    122        14         4          14.4       7.2      21.6        17.5        15          20      155.25       19.9672
    123        15         4          28.8      21.6        36        17.5        15          20      121.25       17.5979
    124        16         4          43.2        36      50.4        17.5        15          20      128.25       15.5865
    125        17         4          57.6      50.4      64.8        17.5        15          20       69.25       10.6154
    126        18         4            72      64.8      79.2        17.5        15          20       33.75       6.54313
    127        19         4          86.4      79.2      93.6        17.5        15          20        3.75       2.30489
    128        20         4         100.8      93.6       108        17.5        15          20         0.5       1.06066
    129        21         4         115.2       108     122.4        17.5        15          20       -0.25          0.25
    130        22         4         129.6     122.4     136.8        17.5        15          20         1.5       1.45774
    131        23         4           144     136.8     151.2        17.5        15          20        -0.5      0.353553
    132        24         4         158.4     151.2     165.6        17.5        15          20        -0.5      0.353553
    133        25         4         172.8     165.6       180        17.5        15          20           0             0
    136         1         5        -172.8      -180    -165.6        22.5        20          25       -0.75      0.433013
    137         2         5        -158.4    -165.6    -151.2        22.5        20          25        0.25       1.08972
    138         3         5          -144    -151.2    -136.8        22.5        20          25        0.75       1.03078
    139         4         5        -129.6    -136.8    -122.4        22.5        20          25        -0.5      0.353553
    140         5         5        -115.2    -122.4      -108        22.5        20          25         2.5       1.76777
    141         6         5        -100.8      -108     -93.6        22.5        20          25          -1           0.5
    142         7         5         -86.4     -93.6     -79.2        22.5        20          25       -0.25          0.25
    143         8         5           -72     -79.2     -64.8        22.5        20          25        0.25       1.56125
    144         9         5         -57.6     -64.8     -50.4        22.5        20          25        26.5       6.95521
    145        10         5         -43.2     -50.4       -36        22.5        20          25          67        12.227
    146        11         5         -28.8       -36     -21.6        22.5        20          25       62.25       14.2982
    147        12         5         -14.4     -21.6      -7.2        22.5        20          25          58       14.3788
    148        13         5   1.42109e-14      -7.2       7.2        22.5        20          25         3.5       12.8111
    149        14         5          14.4       7.2      21.6        22.5        20          25       32.75       13.5762
    150        15         5          28.8      21.6        36        22.5        20          25        37.5        12.918
    151        16         5          43.2        36      50.4        22.5        20          25       64.25        11.734
    152        17         5          57.6      50.4      64.8        22.5        20          25       29.75       6.89656
    153        18         5            72      64.8      79.2        22.5        20          25        3.75       2.56174
    154        19         5          86.4      79.2      93.6        22.5        20          25         0.5        1.5411
    155        20         5         100.8      93.6       108        22.5        20          25           0       1.11803
    156        21         5         115.2       108     122.4        22.5        20          25       -0.25          0.25
    157        22         5         129.6     122.4     136.8        22.5        20          25           0             0
    158        23         5           144     136.8     151.2        22.5        20          25           0             0
    159        24         5         158.4     151.2     165.6        22.5        20          25       -0.25          0.25
    160        25         5         172.8     165.6       180        22.5        20          25           0             0
    163         1         6        -172.8      -180    -165.6        27.5        25          30       -0.25          0.25
    164         2         6        -158.4    -165.6    -151.2        27.5        25          30         0.5       1.06066
    165         3         6          -144    -151.2    -136.8        27.5        25          30           1             1
    166         4         6        -129.6    -136.8    -122.4        27.5        25          30       -0.25          0.25
    167         5         6        -115.2    -122.4      -108        27.5        25          30        -0.5      0.353553
    168         6         6        -100.8      -108     -93.6        27.5        25          30       -0.25          0.25
    169         7         6         -86.4     -93.6     -79.2        27.5        25          30        1.25       1.47902
    170         8         6           -72     -79.2     -64.8        27.5        25          30        -0.5      0.353553
    171         9         6         -57.6     -64.8     -50.4        27.5        25          30        1.75       1.82003
    172        10         6         -43.2     -50.4       -36        27.5        25          30           6       6.10328
    173        11         6         -28.8       -36     -21.6        27.5        25          30         9.5       8.81051
    174        12         6         -14.4     -21.6      -7.2        27.5        25          30        2.25       8.10478
    175        13         6   1.42109e-14      -7.2       7.2        27.5        25          30       -12.5       6.56696
    176        14         6          14.4       7.2      21.6        27.5        25          30          12       8.33667
    177        15         6          28.8      21.6        36        27.5        25          30        13.5       9.30726
    178        16         6          43.2        36      50.4        27.5        25          30          -4       5.22015
    179        17         6          57.6      50.4      64.8        27.5        25          30           5       2.95804
    180        18         6            72      64.8      79.2        27.5        25          30       -0.25       1.14564
    181        19         6          86.4      79.2      93.6        27.5        25          30           1             1
    182        20         6         100.8      93.6       108        27.5        25          30        0.75       1.03078
    183        21         6         115.2       108     122.4        27.5        25          30           0             0
    184        22         6         129.6     122.4     136.8        27.5        25          30       -0.25          0.25
    185        23         6           144     136.8     151.2        27.5        25          30           0             0
    186        24         6         158.4     151.2     165.6        27.5        25          30           0             0
    187        25         6         172.8     165.6       180        27.5        25          30       -0.25          0.25
    190         1         7        -172.8      -180    -165.6        32.5        30          35           0             0
    191         2         7        -158.4    -165.6    -151.2        32.5        30          35        1.75       1.43614
    192         3         7          -144    -151.2    -136.8        32.5        30          35           0             0
    193         4         7        -129.6    -136.8    -122.4        32.5        30          35           0             0
    194         5         7        -115.2    -122.4      -108        32.5        30          35       -0.25          0.25
    195         6         7        -100.8      -108     -93.6        32.5        30          35       -0.25          0.25
    196         7         7         -86.4     -93.6     -79.2        32.5        30          35           0             0
    197         8         7           -72     -79.2     -64.8        32.5        30          35        -0.5      0.353553
    198         9         7         -57.6     -64.8     -50.4        32.5        30          35        -0.5      0.353553
    199        10         7         -43.2     -50.4       -36        32.5        30          35           4       2.29129
    200        11         7         -28.8       -36     -21.6        32.5        30          35         0.5       4.31567
    201        12         7         -14.4     -21.6      -7.2        32.5        30          35       -3.75       2.68095
    202        13         7   1.42109e-14      -7.2       7.2        32.5        30          35         0.5       2.47487
    203        14         7          14.4       7.2      21.6        32.5        30          35         2.5       3.95285
    204        15         7          28.8      21.6        36        32.5        30          35         2.5       4.10792
    205        16         7          43.2        36      50.4        32.5        30          35        2.75       2.61008
    206        17         7          57.6      50.4      64.8        32.5        30          35        2.75       2.07666
    207        18         7            72      64.8      79.2        32.5        30          35           3       1.73205
    208        19         7          86.4      79.2      93.6        32.5        30          35       -0.25          0.25
    209        20         7         100.8      93.6       108        32.5        30          35           0             0
    210        21         7         115.2       108     122.4        32.5        30          35       -0.25          0.25
    211        22         7         129.6     122.4     136.8        32.5        30          35           0             0
    212        23         7           144     136.8     151.2        32.5        30          35           0             0
    213        24         7         158.4     151.2     165.6        32.5        30          35           0             0
    214        25         7         172.8     165.6       180        32.5        30          35           0             0
    217         1         8        -172.8      -180    -165.6        37.5        35          40       -0.25          0.25
    218         2         8        -158.4    -165.6    -151.2        37.5        35          40           0             0
    219         3         8          -144    -151.2    -136.8        37.5        35          40           0             0
    220         4         8        -129.6    -136.8    -122.4        37.5        35          40        0.75       1.03078
    221         5         8        -115.2    -122.4      -108        37.5        35          40        -0.5      0.353553
    222         6         8        -100.8      -108     -93.6        37.5        35          40        0.75       1.03078
    223         7         8         -86.4     -93.6     -79.2        37.5        35          40        -0.5      0.353553
    224         8         8           -72     -79.2     -64.8        37.5        35          40           0             0
    225         9         8         -57.6     -64.8     -50.4        37.5        35          40         1.5       1.45774
    226        10         8         -43.2     -50.4       -36        37.5        35          40       -0.25          0.25
    227        11         8         -28.8       -36     -21.6        37.5        35          40       -0.75      0.433013
    228        12         8         -14.4     -21.6      -7.2        37.5        35          40           0       1.58114
    229        13         8   1.42109e-14      -7.2       7.2        37.5        35          40           0             0
    230        14         8          14.4       7.2      21.6        37.5        35          40        1.75       1.43614
    231        15         8          28.8      21.6        36        37.5        35          40         0.5        1.5411
    232        16         8          43.2        36      50.4        37.5        35          40        0.25       1.08972
    233        17         8          57.6      50.4      64.8        37.5        35          40       -0.25          0.25
    234        18         8            72      64.8      79.2        37.5        35          40           1             1
    235        19         8          86.4      79.2      93.6        37.5        35          40        0.75       1.03078
    236        20         8         100.8      93.6       108        37.5        35          40           0             0
    237        21         8         115.2       108     122.4        37.5        35          40           0             0
    238        22         8         129.6     122.4     136.8        37.5        35          40       -0.25          0.25
    239        23         8           144     136.8     151.2        37.5        35          40           0             0
    240        24         8         158.4     151.2     165.6        37.5        35          40           0             0
    241        25         8         172.8     165.6       180        37.5        35          40           0             0
