# Pion Beam-Spin Asymmetry (KIN-6)
#
# histogram parameters:
# ybins      =  8    | th_xq_CM [deg]
# xbins      =  25    | phi_xq   [deg]
# ybin width =  5.000  (or +/- 2.500 deg)
# xbin width =  14.400  (or +/- 7.200 deg)
#
# header definitions:
# ib:         (x,y)  bin number 
# xb:         x-axis bin number 
# yb:         y-axis bin number 
# x0:         x-axis central bin value 
# xlow:       x-axis low-edge bin value 
# xup:        x-axis up-edge bin value 
# y0:         y-axis central bin value 
# ylow:       y-axis low-edge bin value 
# yup:        y-axis up-edge bin value 
# Np:         pos (+) helicity counts
# Np_err:     pos (+) helicity counts uncertainty
# Nn:         neg (-) helicity counts
# Nn_err:     neg (-) helicity counts uncertainty
# Asy:        Beam-Spin Asymmetry
# Asy_err:    Beam-Spin Asymmetry uncertainty
#
#! ib[i,0]/  xb[i,1]/  yb[i,2]/  x0[f,3]/  xlow[f,4]/  xup[f,5]/  y0[f,6]/  ylow[f,7]/  yup[f,8]/  Np[f,9]/  Np_err[f,10]/  Nn[f,11]/  Nn_err[f,12]/  Asy[f,13]/  Asy_err[f,14]/
28  1  1  -172.80  -180.00  -165.60  2.50  0.00  5.00  212.500000  14.769100  211.500000  14.692700  0.002358  0.049133 
29  2  1  -158.40  -165.60  -151.20  2.50  0.00  5.00  204.250000  14.454700  216.250000  14.864000  -0.028537  0.049288 
30  3  1  -144.00  -151.20  -136.80  2.50  0.00  5.00  231.250000  15.360300  246.500000  15.839000  -0.031920  0.046161 
31  4  1  -129.60  -136.80  -122.40  2.50  0.00  5.00  341.500000  18.765000  319.500000  18.169300  0.033283  0.039495 
32  5  1  -115.20  -122.40  -108.00  2.50  0.00  5.00  465.750000  21.818900  445.000000  21.330700  0.022783  0.033495 
33  6  1  -100.80  -108.00  -93.60  2.50  0.00  5.00  616.250000  25.193000  604.750000  24.951200  0.009419  0.029039 
34  7  1  -86.40  -93.60  -79.20  2.50  0.00  5.00  878.000000  29.987500  870.500000  29.893600  0.004289  0.024216 
35  8  1  -72.00  -79.20  -64.80  2.50  0.00  5.00  1126.250000  33.980700  1211.500000  35.261500  -0.036467  0.020933 
36  9  1  -57.60  -64.80  -50.40  2.50  0.00  5.00  1459.750000  38.698400  1496.250000  39.191000  -0.012348  0.018631 
37  10  1  -43.20  -50.40  -36.00  2.50  0.00  5.00  1750.500000  42.424900  1689.250000  41.655600  0.017807  0.017282 
38  11  1  -28.80  -36.00  -21.60  2.50  0.00  5.00  1819.500000  43.288300  1813.000000  43.364700  0.001789  0.016868 
39  12  1  -14.40  -21.60  -7.20  2.50  0.00  5.00  2070.500000  46.137000  2098.250000  46.507400  -0.006657  0.015714 
40  13  1  0.00  -7.20  7.20  2.50  0.00  5.00  2081.250000  46.283800  2139.000000  46.866800  -0.013684  0.015607 
41  14  1  14.40  7.20  21.60  2.50  0.00  5.00  1880.750000  44.114200  2025.000000  45.593300  -0.036933  0.016234 
42  15  1  28.80  21.60  36.00  2.50  0.00  5.00  1706.250000  41.948600  1670.500000  41.486400  0.010587  0.017471 
43  16  1  43.20  36.00  50.40  2.50  0.00  5.00  1554.000000  39.940600  1464.250000  38.812900  0.029736  0.018444 
44  17  1  57.60  50.40  64.80  2.50  0.00  5.00  1272.750000  36.115300  1159.250000  34.625700  0.046669  0.020555 
45  18  1  72.00  64.80  79.20  2.50  0.00  5.00  927.500000  30.913200  947.000000  31.237000  -0.010403  0.023444 
46  19  1  86.40  79.20  93.60  2.50  0.00  5.00  748.750000  27.641700  709.750000  27.042800  0.026740  0.026508 
47  20  1  100.80  93.60  108.00  2.50  0.00  5.00  546.500000  23.656400  553.250000  23.778900  -0.006138  0.030499 
48  21  1  115.20  108.00  122.40  2.50  0.00  5.00  379.500000  19.846300  411.500000  20.515200  -0.040455  0.036067 
49  22  1  129.60  122.40  136.80  2.50  0.00  5.00  299.250000  17.505400  284.000000  17.036700  0.026147  0.041866 
50  23  1  144.00  136.80  151.20  2.50  0.00  5.00  249.750000  16.048800  255.000000  16.240400  -0.010401  0.045232 
51  24  1  158.40  151.20  165.60  2.50  0.00  5.00  196.750000  14.170800  211.500000  14.650100  -0.036130  0.049899 
52  25  1  172.80  165.60  180.00  2.50  0.00  5.00  208.750000  14.588100  194.750000  14.055700  0.034696  0.050170 
55  1  2  -172.80  -180.00  -165.60  7.50  5.00  10.00  14.000000  3.905120  11.750000  3.648630  0.087379  0.207111 
56  2  2  -158.40  -165.60  -151.20  7.50  5.00  10.00  9.500000  3.181980  15.750000  4.160830  -0.247525  0.200227 
57  3  2  -144.00  -151.20  -136.80  7.50  5.00  10.00  21.750000  4.828300  28.500000  5.396760  -0.134328  0.143259 
58  4  2  -129.60  -136.80  -122.40  7.50  5.00  10.00  61.000000  7.968690  76.000000  8.860020  -0.109489  0.086495 
59  5  2  -115.20  -122.40  -108.00  7.50  5.00  10.00  192.750000  14.117800  226.750000  15.315400  -0.081049  0.049489 
60  6  2  -100.80  -108.00  -93.60  7.50  5.00  10.00  573.250000  24.298900  631.500000  25.389500  -0.048350  0.029143 
61  7  2  -86.40  -93.60  -79.20  7.50  5.00  10.00  1314.500000  36.913800  1440.250000  38.486200  -0.045648  0.019342 
62  8  2  -72.00  -79.20  -64.80  7.50  5.00  10.00  2458.750000  50.463500  2686.750000  52.816300  -0.044311  0.014182 
63  9  2  -57.60  -64.80  -50.40  7.50  5.00  10.00  4142.000000  65.618200  4290.250000  66.670400  -0.017581  0.011092 
64  10  2  -43.20  -50.40  -36.00  7.50  5.00  10.00  5687.500000  77.140300  5941.500000  78.721800  -0.021842  0.009476 
65  11  2  -28.80  -36.00  -21.60  7.50  5.00  10.00  7235.500000  87.127100  7087.750000  86.360100  0.010315  0.008564 
66  12  2  -14.40  -21.60  -7.20  7.50  5.00  10.00  7936.000000  91.431700  8137.000000  92.612100  -0.012505  0.008096 
67  13  2  0.00  -7.20  7.20  7.50  5.00  10.00  8109.500000  92.527700  8074.500000  92.223200  0.002163  0.008072 
68  14  2  14.40  7.20  21.60  7.50  5.00  10.00  7361.750000  88.130900  7390.500000  88.203600  -0.001949  0.008452 
69  15  2  28.80  21.60  36.00  7.50  5.00  10.00  6015.250000  79.529500  5773.750000  78.040500  0.020485  0.009450 
70  16  2  43.20  36.00  50.40  7.50  5.00  10.00  4542.500000  68.906600  4383.250000  67.762000  0.017842  0.010826 
71  17  2  57.60  50.40  64.80  7.50  5.00  10.00  3203.500000  57.687700  2929.250000  55.251100  0.044719  0.013013 
72  18  2  72.00  64.80  79.20  7.50  5.00  10.00  1810.750000  43.342400  1740.250000  42.514000  0.019854  0.017094 
73  19  2  86.40  79.20  93.60  7.50  5.00  10.00  1038.500000  32.812000  852.750000  29.821300  0.098215  0.023338 
74  20  2  100.80  93.60  108.00  7.50  5.00  10.00  487.000000  22.293500  440.750000  21.355600  0.049852  0.033246 
75  21  2  115.20  108.00  122.40  7.50  5.00  10.00  209.250000  14.711800  195.000000  14.186300  0.035250  0.050523 
76  22  2  129.60  122.40  136.80  7.50  5.00  10.00  80.000000  9.151500  63.500000  8.162410  0.114983  0.084899 
77  23  2  144.00  136.80  151.20  7.50  5.00  10.00  33.250000  5.952940  45.500000  6.882950  -0.155556  0.114358 
78  24  2  158.40  151.20  165.60  7.50  5.00  10.00  17.500000  4.257350  18.000000  4.387480  -0.014085  0.172156 
79  25  2  172.80  165.60  180.00  7.50  5.00  10.00  9.750000  3.172140  11.500000  3.482100  -0.082353  0.220717 
82  1  3  -172.80  -180.00  -165.60  12.50  10.00  15.00  2.500000  1.767770  1.750000  1.436140  0.176471  0.524767 
83  2  3  -158.40  -165.60  -151.20  12.50  10.00  15.00  1.000000  1.000000  1.250000  1.479020  -0.111111  0.765034 
84  3  3  -144.00  -151.20  -136.80  12.50  10.00  15.00  4.500000  2.263850  2.750000  1.750000  0.241379  0.381968 
85  4  3  -129.60  -136.80  -122.40  12.50  10.00  15.00  2.750000  1.750000  4.000000  2.000000  -0.185185  0.390771 
86  5  3  -115.20  -122.40  -108.00  12.50  10.00  15.00  5.250000  2.487470  6.750000  2.883140  -0.125000  0.313972 
87  6  3  -100.80  -108.00  -93.60  12.50  10.00  15.00  81.500000  9.130990  71.500000  8.638580  0.065359  0.082034 
88  7  3  -86.40  -93.60  -79.20  12.50  10.00  15.00  461.250000  22.015600  526.250000  23.418700  -0.065823  0.032487 
89  8  3  -72.00  -79.20  -64.80  12.50  10.00  15.00  1689.000000  42.193000  1776.750000  43.180600  -0.025319  0.017415 
90  9  3  -57.60  -64.80  -50.40  12.50  10.00  15.00  3570.250000  61.896600  4003.000000  65.262900  -0.057142  0.011860 
91  10  3  -43.20  -50.40  -36.00  12.50  10.00  15.00  6007.000000  80.882600  6470.500000  83.575600  -0.037147  0.009316 
92  11  3  -28.80  -36.00  -21.60  12.50  10.00  15.00  7756.250000  92.586100  7977.500000  93.738300  -0.014062  0.008373 
93  12  3  -14.40  -21.60  -7.20  12.50  10.00  15.00  8528.000000  97.694700  8752.750000  98.643600  -0.013006  0.008034 
94  13  3  0.00  -7.20  7.20  12.50  10.00  15.00  8529.750000  97.954400  8907.000000  99.672000  -0.021635  0.008013 
95  14  3  14.40  7.20  21.60  12.50  10.00  15.00  7772.500000  93.243600  7583.500000  92.231400  0.012308  0.008540 
96  15  3  28.80  21.60  36.00  12.50  10.00  15.00  6527.000000  84.724600  6148.250000  82.548100  0.029881  0.009329 
97  16  3  43.20  36.00  50.40  12.50  10.00  15.00  4473.250000  69.833300  4381.500000  69.008200  0.010362  0.011087 
98  17  3  57.60  50.40  64.80  12.50  10.00  15.00  2610.500000  52.831100  2312.000000  49.794600  0.060640  0.014723 
99  18  3  72.00  64.80  79.20  12.50  10.00  15.00  1124.250000  34.408400  1088.750000  33.971500  0.016042  0.021848 
100  19  3  86.40  79.20  93.60  12.50  10.00  15.00  338.500000  18.950600  330.000000  18.741700  0.012715  0.039867 
101  20  3  100.80  93.60  108.00  12.50  10.00  15.00  81.500000  9.334080  70.500000  8.796310  0.072368  0.084239 
102  21  3  115.20  108.00  122.40  12.50  10.00  15.00  18.000000  4.527690  17.500000  4.401700  0.014085  0.177825 
103  22  3  129.60  122.40  136.80  12.50  10.00  15.00  5.250000  2.727180  6.750000  2.657540  -0.125000  0.320810 
104  23  3  144.00  136.80  151.20  12.50  10.00  15.00  9.000000  3.201560  0.250000  1.089720  0.945946  0.230009 
105  24  3  158.40  151.20  165.60  12.50  10.00  15.00  1.750000  1.820030  1.000000  1.500000  0.272727  0.844756 
106  25  3  172.80  165.60  180.00  12.50  10.00  15.00  0.000000  0.000000  0.000000  0.000000  nan  nan 
109  1  4  -172.80  -180.00  -165.60  17.50  15.00  20.00  -0.500000  0.353553  -0.750000  0.433013  -0.200000  0.438178 
110  2  4  -158.40  -165.60  -151.20  17.50  15.00  20.00  -0.500000  0.353553  0.750000  1.030780  -5.000000  18.547284 
111  3  4  -144.00  -151.20  -136.80  17.50  15.00  20.00  0.000000  0.000000  2.250000  1.785360  -1.000000  0.000000 
112  4  4  -129.60  -136.80  -122.40  17.50  15.00  20.00  3.750000  2.015560  -0.500000  0.353553  1.307692  0.315335 
113  5  4  -115.20  -122.40  -108.00  17.50  15.00  20.00  1.250000  1.479020  0.500000  1.060660  0.428571  0.991425 
114  6  4  -100.80  -108.00  -93.60  17.50  15.00  20.00  3.000000  2.061550  0.500000  1.060660  0.714286  0.546085 
115  7  4  -86.40  -93.60  -79.20  17.50  15.00  20.00  41.750000  6.768490  32.750000  5.963430  0.120805  0.120122 
116  8  4  -72.00  -79.20  -64.80  17.50  15.00  20.00  479.000000  22.891000  516.500000  23.788100  -0.037670  0.033138 
117  9  4  -57.60  -64.80  -50.40  17.50  15.00  20.00  1811.750000  45.175400  1916.000000  46.176300  -0.027966  0.017325 
118  10  4  -43.20  -50.40  -36.00  17.50  15.00  20.00  3481.250000  63.940900  3786.000000  66.170200  -0.041935  0.012655 
119  11  4  -28.80  -36.00  -21.60  17.50  15.00  20.00  4351.500000  72.892900  4550.500000  74.270600  -0.022355  0.011688 
120  12  4  -14.40  -21.60  -7.20  17.50  15.00  20.00  4587.750000  76.259800  4713.000000  77.188100  -0.013467  0.011666 
121  13  4  0.00  -7.20  7.20  17.50  15.00  20.00  4700.000000  77.773700  4684.250000  77.887300  0.001678  0.011729 
122  14  4  14.40  7.20  21.60  17.50  15.00  20.00  4350.000000  74.406000  4252.250000  73.845700  0.011363  0.012186 
123  15  4  28.80  21.60  36.00  17.50  15.00  20.00  3879.500000  69.147500  3691.500000  67.580500  0.024832  0.012767 
124  16  4  43.20  36.00  50.40  17.50  15.00  20.00  2770.500000  56.556400  2533.500000  54.741400  0.044683  0.014833 
125  17  4  57.60  50.40  64.80  17.50  15.00  20.00  1097.250000  35.027700  1085.500000  35.033900  0.005383  0.022697 
126  18  4  72.00  64.80  79.20  17.50  15.00  20.00  262.500000  17.120900  250.500000  16.654600  0.023392  0.046542 
127  19  4  86.40  79.20  93.60  17.50  15.00  20.00  36.500000  6.393360  25.000000  5.590170  0.186992  0.137056 
128  20  4  100.80  93.60  108.00  17.50  15.00  20.00  7.000000  2.872280  7.250000  3.072050  -0.017544  0.294831 
129  21  4  115.20  108.00  122.40  17.50  15.00  20.00  5.250000  2.727180  0.500000  1.541100  0.826087  0.496325 
130  22  4  129.60  122.40  136.80  17.50  15.00  20.00  1.500000  1.457740  -0.750000  1.198960  3.000000  7.483327 
131  23  4  144.00  136.80  151.20  17.50  15.00  20.00  0.500000  1.060660  -0.500000  0.353553  inf  inf 
132  24  4  158.40  151.20  165.60  17.50  15.00  20.00  -0.250000  0.250000  3.750000  2.015560  -1.142857  0.173769 
133  25  4  172.80  165.60  180.00  17.50  15.00  20.00  -0.500000  0.353553  0.500000  1.060660  -inf  inf 
136  1  5  -172.80  -180.00  -165.60  22.50  20.00  25.00  2.000000  1.414210  0.750000  1.030780  0.454545  0.613133 
137  2  5  -158.40  -165.60  -151.20  22.50  20.00  25.00  0.000000  0.000000  0.000000  0.000000  nan  nan 
138  3  5  -144.00  -151.20  -136.80  22.50  20.00  25.00  0.750000  1.030780  -0.250000  0.250000  2.000000  2.549516 
139  4  5  -129.60  -136.80  -122.40  22.50  20.00  25.00  -0.250000  0.250000  -0.250000  0.250000  -0.000000  0.707107 
140  5  5  -115.20  -122.40  -108.00  22.50  20.00  25.00  0.750000  1.030780  -0.250000  0.250000  2.000000  2.549516 
141  6  5  -100.80  -108.00  -93.60  22.50  20.00  25.00  0.750000  1.030780  -0.750000  0.433013  inf  inf 
142  7  5  -86.40  -93.60  -79.20  22.50  20.00  25.00  1.000000  1.500000  -1.500000  1.274750  -5.000000  20.688142 
143  8  5  -72.00  -79.20  -64.80  22.50  20.00  25.00  28.000000  5.958190  42.500000  7.026730  -0.205674  0.129037 
144  9  5  -57.60  -64.80  -50.40  22.50  20.00  25.00  460.750000  23.633900  434.500000  22.915600  0.029321  0.036754 
145  10  5  -43.20  -50.40  -36.00  22.50  20.00  25.00  1328.500000  42.120400  1419.000000  43.246400  -0.032939  0.021965 
146  11  5  -28.80  -36.00  -21.60  22.50  20.00  25.00  1660.750000  49.457700  1684.500000  49.976200  -0.007100  0.021017 
147  12  5  -14.40  -21.60  -7.20  22.50  20.00  25.00  1515.750000  49.772600  1609.750000  51.076500  -0.030075  0.022810 
148  13  5  0.00  -7.20  7.20  22.50  20.00  25.00  1636.250000  51.656900  1529.500000  50.659400  0.033720  0.022853 
149  14  5  14.40  7.20  21.60  22.50  20.00  25.00  1695.250000  51.924800  1674.750000  51.865800  0.006083  0.021778 
150  15  5  28.80  21.60  36.00  22.50  20.00  25.00  1615.500000  49.471000  1569.750000  48.554700  0.014363  0.021758 
151  16  5  43.20  36.00  50.40  22.50  20.00  25.00  1073.750000  37.753300  1045.500000  37.247500  0.013330  0.025023 
152  17  5  57.60  50.40  64.80  22.50  20.00  25.00  235.500000  16.915200  194.500000  15.815300  0.095349  0.053754 
153  18  5  72.00  64.80  79.20  22.50  20.00  25.00  16.250000  4.841230  28.250000  5.952940  -0.269663  0.169189 
154  19  5  86.40  79.20  93.60  22.50  20.00  25.00  2.250000  2.384850  5.000000  3.162280  -0.379310  0.528350 
155  20  5  100.80  93.60  108.00  22.50  20.00  25.00  1.000000  2.179450  1.250000  1.854050  -0.111111  1.301870 
156  21  5  115.20  108.00  122.40  22.50  20.00  25.00  0.250000  1.089720  -1.000000  1.224740  -1.666667  4.024598 
157  22  5  129.60  122.40  136.80  22.50  20.00  25.00  2.500000  1.767770  0.250000  1.561250  0.818182  1.038827 
158  23  5  144.00  136.80  151.20  22.50  20.00  25.00  0.500000  1.060660  0.250000  1.089720  0.333333  2.154517 
159  24  5  158.40  151.20  165.60  22.50  20.00  25.00  0.750000  1.030780  2.750000  1.750000  -0.571429  0.510001 
160  25  5  172.80  165.60  180.00  22.50  20.00  25.00  1.000000  1.000000  -0.250000  0.250000  1.666667  1.257079 
163  1  6  -172.80  -180.00  -165.60  27.50  25.00  30.00  -0.250000  0.250000  2.000000  1.414210  -1.285714  0.399916 
164  2  6  -158.40  -165.60  -151.20  27.50  25.00  30.00  1.000000  1.000000  1.000000  1.000000  0.000000  0.707107 
165  3  6  -144.00  -151.20  -136.80  27.50  25.00  30.00  0.500000  1.060660  0.000000  0.000000  1.000000  0.000000 
166  4  6  -129.60  -136.80  -122.40  27.50  25.00  30.00  0.000000  0.000000  -0.250000  0.250000  -1.000000  0.000000 
167  5  6  -115.20  -122.40  -108.00  27.50  25.00  30.00  0.000000  0.000000  -0.250000  0.250000  -1.000000  0.000000 
168  6  6  -100.80  -108.00  -93.60  27.50  25.00  30.00  0.000000  0.000000  -0.750000  0.433013  -1.000000  0.000000 
169  7  6  -86.40  -93.60  -79.20  27.50  25.00  30.00  -0.500000  0.353553  0.500000  1.060660  -inf  inf 
170  8  6  -72.00  -79.20  -64.80  27.50  25.00  30.00  1.250000  1.854050  0.250000  1.089720  0.666667  1.278980 
171  9  6  -57.60  -64.80  -50.40  27.50  25.00  30.00  24.000000  5.830950  18.500000  5.511350  0.129412  0.188991 
172  10  6  -43.20  -50.40  -36.00  27.50  25.00  30.00  227.250000  20.419000  263.750000  20.894100  -0.074338  0.059563 
173  11  6  -28.80  -36.00  -21.60  27.50  25.00  30.00  454.250000  30.845400  441.500000  30.694100  0.014234  0.048581 
174  12  6  -14.40  -21.60  -7.20  27.50  25.00  30.00  373.000000  30.174500  363.500000  30.296500  0.012899  0.058066 
175  13  6  0.00  -7.20  7.20  27.50  25.00  30.00  333.000000  28.469300  329.500000  28.462700  0.005283  0.060766 
176  14  6  14.40  7.20  21.60  27.50  25.00  30.00  430.750000  31.540600  396.500000  30.795700  0.041402  0.053280 
177  15  6  28.80  21.60  36.00  27.50  25.00  30.00  539.250000  32.637200  532.500000  32.586400  0.006298  0.043033 
178  16  6  43.20  36.00  50.40  27.50  25.00  30.00  259.250000  20.710800  226.250000  19.772100  0.067971  0.058928 
179  17  6  57.60  50.40  64.80  27.50  25.00  30.00  13.000000  5.291500  10.500000  5.350230  0.106383  0.322391 
180  18  6  72.00  64.80  79.20  27.50  25.00  30.00  0.500000  2.207940  2.000000  2.397920  -0.600000  1.464240 
181  19  6  86.40  79.20  93.60  27.50  25.00  30.00  -1.750000  1.299040  1.750000  2.136000  -inf  inf 
182  20  6  100.80  93.60  108.00  27.50  25.00  30.00  1.250000  1.854050  1.500000  1.457740  -0.090909  0.879302 
183  21  6  115.20  108.00  122.40  27.50  25.00  30.00  -0.750000  0.433013  0.000000  1.118030  1.000000  2.981413 
184  22  6  129.60  122.40  136.80  27.50  25.00  30.00  1.250000  1.479020  -0.500000  0.353553  2.333333  3.063121 
185  23  6  144.00  136.80  151.20  27.50  25.00  30.00  2.250000  1.785360  1.000000  1.000000  0.384615  0.543864 
186  24  6  158.40  151.20  165.60  27.50  25.00  30.00  1.000000  1.000000  2.750000  1.750000  -0.466667  0.463588 
187  25  6  172.80  165.60  180.00  27.50  25.00  30.00  -0.500000  0.353553  -0.500000  0.353553  -0.000000  0.499999 
190  1  7  -172.80  -180.00  -165.60  32.50  30.00  35.00  -0.250000  0.250000  0.000000  0.000000  1.000000  0.000000 
191  2  7  -158.40  -165.60  -151.20  32.50  30.00  35.00  -0.250000  0.250000  1.000000  1.000000  -1.666667  1.257079 
192  3  7  -144.00  -151.20  -136.80  32.50  30.00  35.00  0.000000  0.000000  0.000000  0.000000  nan  nan 
193  4  7  -129.60  -136.80  -122.40  32.50  30.00  35.00  0.000000  0.000000  0.000000  0.000000  nan  nan 
194  5  7  -115.20  -122.40  -108.00  32.50  30.00  35.00  0.000000  0.000000  0.000000  0.000000  nan  nan 
195  6  7  -100.80  -108.00  -93.60  32.50  30.00  35.00  0.000000  0.000000  0.000000  0.000000  nan  nan 
196  7  7  -86.40  -93.60  -79.20  32.50  30.00  35.00  0.000000  0.000000  -0.250000  0.250000  -1.000000  0.000000 
197  8  7  -72.00  -79.20  -64.80  32.50  30.00  35.00  1.000000  1.000000  1.000000  1.000000  0.000000  0.707107 
198  9  7  -57.60  -64.80  -50.40  32.50  30.00  35.00  1.500000  1.837120  6.250000  2.680950  -0.612903  0.405107 
199  10  7  -43.20  -50.40  -36.00  32.50  30.00  35.00  12.500000  5.645790  17.500000  6.072480  -0.166667  0.276873 
200  11  7  -28.80  -36.00  -21.60  32.50  30.00  35.00  56.500000  14.861900  62.500000  15.020800  -0.050420  0.177698 
201  12  7  -14.40  -21.60  -7.20  32.50  30.00  35.00  34.750000  12.700900  22.500000  12.015600  0.213974  0.308748 
202  13  7  0.00  -7.20  7.20  32.50  30.00  35.00  13.250000  9.575360  7.250000  9.390820  0.292683  0.678092 
203  14  7  14.40  7.20  21.60  32.50  30.00  35.00  20.500000  12.344000  35.500000  12.742600  -0.267857  0.325360 
204  15  7  28.80  21.60  36.00  32.50  30.00  35.00  97.500000  16.937400  81.000000  15.921700  0.092437  0.130042 
205  16  7  43.20  36.00  50.40  32.50  30.00  35.00  27.750000  8.019510  22.250000  7.709570  0.110000  0.222868 
206  17  7  57.60  50.40  64.80  32.50  30.00  35.00  3.000000  2.828430  11.750000  4.130680  -0.593220  0.326060 
207  18  7  72.00  64.80  79.20  32.50  30.00  35.00  1.500000  1.837120  1.750000  2.136000  -0.076923  0.859436 
208  19  7  86.40  79.20  93.60  32.50  30.00  35.00  0.500000  1.903940  -2.750000  0.829156  -1.444444  2.074952 
209  20  7  100.80  93.60  108.00  32.50  30.00  35.00  -0.250000  1.145640  -0.500000  0.353553  -0.333333  2.060797 
210  21  7  115.20  108.00  122.40  32.50  30.00  35.00  0.250000  1.089720  -0.750000  0.433013  -2.000000  6.595425 
211  22  7  129.60  122.40  136.80  32.50  30.00  35.00  0.750000  1.030780  0.500000  1.060660  0.200000  1.213261 
212  23  7  144.00  136.80  151.20  32.50  30.00  35.00  0.000000  0.000000  -1.250000  0.559017  -1.000000  0.000000 
213  24  7  158.40  151.20  165.60  32.50  30.00  35.00  0.000000  0.000000  1.750000  1.436140  -1.000000  0.000000 
214  25  7  172.80  165.60  180.00  32.50  30.00  35.00  0.000000  0.000000  0.000000  0.000000  nan  nan 
217  1  8  -172.80  -180.00  -165.60  37.50  35.00  40.00  0.000000  0.000000  0.000000  0.000000  nan  nan 
218  2  8  -158.40  -165.60  -151.20  37.50  35.00  40.00  -0.500000  0.353553  0.000000  0.000000  1.000000  0.000000 
219  3  8  -144.00  -151.20  -136.80  37.50  35.00  40.00  -0.500000  0.353553  -0.250000  0.250000  0.333333  0.544331 
220  4  8  -129.60  -136.80  -122.40  37.50  35.00  40.00  0.000000  0.000000  0.000000  0.000000  nan  nan 
221  5  8  -115.20  -122.40  -108.00  37.50  35.00  40.00  1.000000  1.000000  1.000000  1.000000  0.000000  0.707107 
222  6  8  -100.80  -108.00  -93.60  37.50  35.00  40.00  0.000000  0.000000  0.000000  0.000000  nan  nan 
223  7  8  -86.40  -93.60  -79.20  37.50  35.00  40.00  0.000000  0.000000  -0.250000  0.250000  -1.000000  0.000000 
224  8  8  -72.00  -79.20  -64.80  37.50  35.00  40.00  0.000000  0.000000  0.000000  0.000000  nan  nan 
225  9  8  -57.60  -64.80  -50.40  37.50  35.00  40.00  2.000000  1.414210  0.500000  1.060660  0.600000  0.715541 
226  10  8  -43.20  -50.40  -36.00  37.50  35.00  40.00  -0.250000  1.952560  -1.000000  1.658310  -0.600000  2.554992 
227  11  8  -28.80  -36.00  -21.60  37.50  35.00  40.00  6.500000  3.984340  7.750000  4.534590  -0.087719  0.420441 
228  12  8  -14.40  -21.60  -7.20  37.50  35.00  40.00  -2.000000  2.061550  1.500000  2.669270  7.000000  49.355840 
229  13  8  0.00  -7.20  7.20  37.50  35.00  40.00  1.000000  1.500000  -2.000000  0.707107  -3.000000  6.164414 
230  14  8  14.40  7.20  21.60  37.50  35.00  40.00  -2.000000  2.828430  6.000000  3.674230  -2.000000  2.311657 
231  15  8  28.80  21.60  36.00  37.50  35.00  40.00  -2.750000  4.548350  4.750000  5.250000  -3.750000  12.992333 
232  16  8  43.20  36.00  50.40  37.50  35.00  40.00  1.500000  2.893960  3.250000  3.418700  -0.368421  0.949585 
233  17  8  57.60  50.40  64.80  37.50  35.00  40.00  1.750000  1.820030  -0.750000  1.198960  2.500000  5.006254 
234  18  8  72.00  64.80  79.20  37.50  35.00  40.00  1.750000  2.136000  1.000000  1.500000  0.272727  0.895007 
235  19  8  86.40  79.20  93.60  37.50  35.00  40.00  0.500000  1.541100  0.250000  1.561250  0.333333  3.095197 
236  20  8  100.80  93.60  108.00  37.50  35.00  40.00  1.750000  1.820030  -1.000000  0.500000  3.666667  7.180228 
237  21  8  115.20  108.00  122.40  37.50  35.00  40.00  -0.250000  0.250000  0.500000  1.060660  -3.000000  9.380830 
238  22  8  129.60  122.40  136.80  37.50  35.00  40.00  -0.250000  0.250000  1.000000  1.500000  -1.666667  1.602467 
239  23  8  144.00  136.80  151.20  37.50  35.00  40.00  0.000000  0.000000  0.500000  1.060660  -1.000000  0.000000 
240  24  8  158.40  151.20  165.60  37.50  35.00  40.00  -0.250000  0.250000  2.000000  1.414210  -1.285714  0.399916 
241  25  8  172.80  165.60  180.00  37.50  35.00  40.00  0.000000  0.000000  -0.250000  0.250000  -1.000000  0.000000 
