# 2D Histogram Bin Extraction 
#                   
# histogram parameters:  
# ybins      = 8   | ylabel: th_xq_CM [deg] 
# xbins      = 25   | xlabel: phi_xq [deg] 
# ybin width = 5.000 
# xbin width = 14.400 
#                   
# header definitions:
# ib:         (x,y)  bin number 
# xb:         x-axis bin number 
# yb:         y-axis bin number 
# x0:         x-axis central bin value 
# xlow:       x-axis low-edge bin value 
# xup:        x-axis up-edge bin value 
# y0:         y-axis central bin value 
# ylow:       y-axis low-edge bin value 
# yup:        y-axis up-edge bin value 
# zcont:      bin content (z-axis) 
# zcont_err:  bin content error (z-axis) 
#                                        
#! ib[i,0]/  xb[i,1]/  yb[i,2]/  x0[f,3]/  xlow[f,4]/  xup[f,5]/  y0[f,6]/  ylow[f,7]/  yup[f,8]/  zcont[f,9]/  zcont_err[f,10]/  
     28         1         1        -172.8      -180    -165.6         2.5         0           5           7       2.64575
     29         2         1        -158.4    -165.6    -151.2         2.5         0           5           8       2.82843
     30         3         1          -144    -151.2    -136.8         2.5         0           5        12.5       3.62284
     31         4         1        -129.6    -136.8    -122.4         2.5         0           5        7.75       2.83945
     32         5         1        -115.2    -122.4      -108         2.5         0           5       21.75       4.69707
     33         6         1        -100.8      -108     -93.6         2.5         0           5        23.5       4.91172
     34         7         1         -86.4     -93.6     -79.2         2.5         0           5          29           5.5
     35         8         1           -72     -79.2     -64.8         2.5         0           5       40.25       6.41775
     36         9         1         -57.6     -64.8     -50.4         2.5         0           5       67.25       8.33292
     37        10         1         -43.2     -50.4       -36         2.5         0           5          64       8.07775
     38        11         1         -28.8       -36     -21.6         2.5         0           5       82.25       9.18899
     39        12         1         -14.4     -21.6      -7.2         2.5         0           5       79.75       9.01734
     40        13         1   1.42109e-14      -7.2       7.2         2.5         0           5       94.75       9.87737
     41        14         1          14.4       7.2      21.6         2.5         0           5        84.5       9.22632
     42        15         1          28.8      21.6        36         2.5         0           5       56.75       7.63626
     43        16         1          43.2        36      50.4         2.5         0           5          73       8.61684
     44        17         1          57.6      50.4      64.8         2.5         0           5          46       6.87386
     45        18         1            72      64.8      79.2         2.5         0           5          53       7.44983
     46        19         1          86.4      79.2      93.6         2.5         0           5          21       4.71699
     47        20         1         100.8      93.6       108         2.5         0           5       28.25       5.40255
     48        21         1         115.2       108     122.4         2.5         0           5       15.75        4.0078
     49        22         1         129.6     122.4     136.8         2.5         0           5       14.75       3.88104
     50        23         1           144     136.8     151.2         2.5         0           5         9.5       3.18198
     51        24         1         158.4     151.2     165.6         2.5         0           5        9.75       3.17214
     52        25         1         172.8     165.6       180         2.5         0           5        3.75       2.01556
     55         1         2        -172.8      -180    -165.6         7.5         5          10       -0.25          0.25
     56         2         2        -158.4    -165.6    -151.2         7.5         5          10           2       1.41421
     57         3         2          -144    -151.2    -136.8         7.5         5          10           1             1
     58         4         2        -129.6    -136.8    -122.4         7.5         5          10           3       1.73205
     59         5         2        -115.2    -122.4      -108         7.5         5          10           8       2.82843
     60         6         2        -100.8      -108     -93.6         7.5         5          10       25.75       5.10514
     61         7         2         -86.4     -93.6     -79.2         7.5         5          10       64.25       8.15092
     62         8         2           -72     -79.2     -64.8         7.5         5          10         106       10.4163
     63         9         2         -57.6     -64.8     -50.4         7.5         5          10      182.75       13.8044
     64        10         2         -43.2     -50.4       -36         7.5         5          10      242.25       15.9119
     65        11         2         -28.8       -36     -21.6         7.5         5          10      286.25       17.2391
     66        12         2         -14.4     -21.6      -7.2         7.5         5          10      333.25       18.6866
     67        13         2   1.42109e-14      -7.2       7.2         7.5         5          10      319.75       18.4408
     68        14         2          14.4       7.2      21.6         7.5         5          10      288.25        17.441
     69        15         2          28.8      21.6        36         7.5         5          10         233       15.5885
     70        16         2          43.2        36      50.4         7.5         5          10      169.25       13.4234
     71        17         2          57.6      50.4      64.8         7.5         5          10       111.5       10.7063
     72        18         2            72      64.8      79.2         7.5         5          10       74.25       8.67107
     73        19         2          86.4      79.2      93.6         7.5         5          10       42.25       6.57172
     74        20         2         100.8      93.6       108         7.5         5          10        20.5       4.59619
     75        21         2         115.2       108     122.4         7.5         5          10          10       3.16228
     76        22         2         129.6     122.4     136.8         7.5         5          10           2       1.41421
     77        23         2           144     136.8     151.2         7.5         5          10           2       1.41421
     78        24         2         158.4     151.2     165.6         7.5         5          10           2       1.41421
     79        25         2         172.8     165.6       180         7.5         5          10           0             0
     82         1         3        -172.8      -180    -165.6        12.5        10          15           1             1
     83         2         3        -158.4    -165.6    -151.2        12.5        10          15           1             1
     84         3         3          -144    -151.2    -136.8        12.5        10          15           0             0
     85         4         3        -129.6    -136.8    -122.4        12.5        10          15           1             1
     86         5         3        -115.2    -122.4      -108        12.5        10          15           2       1.41421
     87         6         3        -100.8      -108     -93.6        12.5        10          15           2       1.41421
     88         7         3         -86.4     -93.6     -79.2        12.5        10          15       22.75       4.80234
     89         8         3           -72     -79.2     -64.8        12.5        10          15        81.5       9.19918
     90         9         3         -57.6     -64.8     -50.4        12.5        10          15         152       12.6787
     91        10         3         -43.2     -50.4       -36        12.5        10          15      276.75       17.1628
     92        11         3         -28.8       -36     -21.6        12.5        10          15      367.25       19.8605
     93        12         3         -14.4     -21.6      -7.2        12.5        10          15      367.75       20.1075
     94        13         3   1.42109e-14      -7.2       7.2        12.5        10          15         344       19.7547
     95        14         3          14.4       7.2      21.6        12.5        10          15       301.5       18.4289
     96        15         3          28.8      21.6        36        12.5        10          15      246.25       16.4602
     97        16         3          43.2        36      50.4        12.5        10          15      198.75       14.5881
     98        17         3          57.6      50.4      64.8        12.5        10          15          90       9.81071
     99        18         3            72      64.8      79.2        12.5        10          15       49.75        7.3357
    100        19         3          86.4      79.2      93.6        12.5        10          15       14.75       3.88104
    101        20         3         100.8      93.6       108        12.5        10          15        0.75       1.03078
    102        21         3         115.2       108     122.4        12.5        10          15           0             0
    103        22         3         129.6     122.4     136.8        12.5        10          15           0             0
    104        23         3           144     136.8     151.2        12.5        10          15           0             0
    105        24         3         158.4     151.2     165.6        12.5        10          15           0             0
    106        25         3         172.8     165.6       180        12.5        10          15           0             0
    109         1         4        -172.8      -180    -165.6        17.5        15          20           0             0
    110         2         4        -158.4    -165.6    -151.2        17.5        15          20           0             0
    111         3         4          -144    -151.2    -136.8        17.5        15          20           0             0
    112         4         4        -129.6    -136.8    -122.4        17.5        15          20           0             0
    113         5         4        -115.2    -122.4      -108        17.5        15          20           0             0
    114         6         4        -100.8      -108     -93.6        17.5        15          20           0             0
    115         7         4         -86.4     -93.6     -79.2        17.5        15          20        0.75       1.03078
    116         8         4           -72     -79.2     -64.8        17.5        15          20       20.75       4.72361
    117         9         4         -57.6     -64.8     -50.4        17.5        15          20       82.75       9.51643
    118        10         4         -43.2     -50.4       -36        17.5        15          20       133.5       12.6145
    119        11         4         -28.8       -36     -21.6        17.5        15          20      190.75       15.1596
    120        12         4         -14.4     -21.6      -7.2        17.5        15          20      167.25       14.7288
    121        13         4   1.42109e-14      -7.2       7.2        17.5        15          20       200.5       15.9256
    122        14         4          14.4       7.2      21.6        17.5        15          20         179        15.174
    123        15         4          28.8      21.6        36        17.5        15          20       154.5       13.5139
    124        16         4          43.2        36      50.4        17.5        15          20      125.25        12.039
    125        17         4          57.6      50.4      64.8        17.5        15          20       37.25       6.47592
    126        18         4            72      64.8      79.2        17.5        15          20        12.5       3.62284
    127        19         4          86.4      79.2      93.6        17.5        15          20           2       1.41421
    128        20         4         100.8      93.6       108        17.5        15          20       -0.25          0.25
    129        21         4         115.2       108     122.4        17.5        15          20           0             0
    130        22         4         129.6     122.4     136.8        17.5        15          20           0             0
    131        23         4           144     136.8     151.2        17.5        15          20       -0.25          0.25
    132        24         4         158.4     151.2     165.6        17.5        15          20           0             0
    133        25         4         172.8     165.6       180        17.5        15          20           0             0
    136         1         5        -172.8      -180    -165.6        22.5        20          25           0             0
    137         2         5        -158.4    -165.6    -151.2        22.5        20          25           0             0
    138         3         5          -144    -151.2    -136.8        22.5        20          25           0             0
    139         4         5        -129.6    -136.8    -122.4        22.5        20          25           0             0
    140         5         5        -115.2    -122.4      -108        22.5        20          25           0             0
    141         6         5        -100.8      -108     -93.6        22.5        20          25           0             0
    142         7         5         -86.4     -93.6     -79.2        22.5        20          25           0             0
    143         8         5           -72     -79.2     -64.8        22.5        20          25           6       2.44949
    144         9         5         -57.6     -64.8     -50.4        22.5        20          25       17.25       4.54835
    145        10         5         -43.2     -50.4       -36        22.5        20          25        42.5       7.94512
    146        11         5         -28.8       -36     -21.6        22.5        20          25        59.5       9.55903
    147        12         5         -14.4     -21.6      -7.2        22.5        20          25       52.25       9.45714
    148        13         5   1.42109e-14      -7.2       7.2        22.5        20          25       52.25        9.7179
    149        14         5          14.4       7.2      21.6        22.5        20          25          72       10.7005
    150        15         5          28.8      21.6        36        22.5        20          25       65.25       9.87104
    151        16         5          43.2        36      50.4        22.5        20          25       40.75       7.31864
    152        17         5          57.6      50.4      64.8        22.5        20          25        5.75       2.92617
    153        18         5            72      64.8      79.2        22.5        20          25         1.5       1.45774
    154        19         5          86.4      79.2      93.6        22.5        20          25        0.75       1.03078
    155        20         5         100.8      93.6       108        22.5        20          25           0             0
    156        21         5         115.2       108     122.4        22.5        20          25           0             0
    157        22         5         129.6     122.4     136.8        22.5        20          25           0             0
    158        23         5           144     136.8     151.2        22.5        20          25           0             0
    159        24         5         158.4     151.2     165.6        22.5        20          25           0             0
    160        25         5         172.8     165.6       180        22.5        20          25           0             0
    163         1         6        -172.8      -180    -165.6        27.5        25          30           0             0
    164         2         6        -158.4    -165.6    -151.2        27.5        25          30           0             0
    165         3         6          -144    -151.2    -136.8        27.5        25          30           0             0
    166         4         6        -129.6    -136.8    -122.4        27.5        25          30           0             0
    167         5         6        -115.2    -122.4      -108        27.5        25          30           0             0
    168         6         6        -100.8      -108     -93.6        27.5        25          30           0             0
    169         7         6         -86.4     -93.6     -79.2        27.5        25          30           0             0
    170         8         6           -72     -79.2     -64.8        27.5        25          30           0             0
    171         9         6         -57.6     -64.8     -50.4        27.5        25          30         1.5       1.45774
    172        10         6         -43.2     -50.4       -36        27.5        25          30       12.25        4.4088
    173        11         6         -28.8       -36     -21.6        27.5        25          30       14.75       5.81485
    174        12         6         -14.4     -21.6      -7.2        27.5        25          30        23.5       7.00892
    175        13         6   1.42109e-14      -7.2       7.2        27.5        25          30       22.25       6.57172
    176        14         6          14.4       7.2      21.6        27.5        25          30       30.75       6.96868
    177        15         6          28.8      21.6        36        27.5        25          30       13.25       5.95294
    178        16         6          43.2        36      50.4        27.5        25          30         0.5       3.51781
    179        17         6          57.6      50.4      64.8        27.5        25          30       -0.75      0.433013
    180        18         6            72      64.8      79.2        27.5        25          30       -0.25          0.25
    181        19         6          86.4      79.2      93.6        27.5        25          30           0             0
    182        20         6         100.8      93.6       108        27.5        25          30           0             0
    183        21         6         115.2       108     122.4        27.5        25          30           0             0
    184        22         6         129.6     122.4     136.8        27.5        25          30           0             0
    185        23         6           144     136.8     151.2        27.5        25          30           0             0
    186        24         6         158.4     151.2     165.6        27.5        25          30           0             0
    187        25         6         172.8     165.6       180        27.5        25          30           0             0
    190         1         7        -172.8      -180    -165.6        32.5        30          35           0             0
    191         2         7        -158.4    -165.6    -151.2        32.5        30          35           0             0
    192         3         7          -144    -151.2    -136.8        32.5        30          35           0             0
    193         4         7        -129.6    -136.8    -122.4        32.5        30          35           0             0
    194         5         7        -115.2    -122.4      -108        32.5        30          35           0             0
    195         6         7        -100.8      -108     -93.6        32.5        30          35           0             0
    196         7         7         -86.4     -93.6     -79.2        32.5        30          35           0             0
    197         8         7           -72     -79.2     -64.8        32.5        30          35           0             0
    198         9         7         -57.6     -64.8     -50.4        32.5        30          35           0             0
    199        10         7         -43.2     -50.4       -36        32.5        30          35           3       1.73205
    200        11         7         -28.8       -36     -21.6        32.5        30          35        3.25       3.23071
    201        12         7         -14.4     -21.6      -7.2        32.5        30          35        1.25       2.16506
    202        13         7   1.42109e-14      -7.2       7.2        32.5        30          35         4.5       2.52488
    203        14         7          14.4       7.2      21.6        32.5        30          35           1       2.44949
    204        15         7          28.8      21.6        36        32.5        30          35           4       3.20156
    205        16         7          43.2        36      50.4        32.5        30          35        1.75       1.82003
    206        17         7          57.6      50.4      64.8        32.5        30          35           0             0
    207        18         7            72      64.8      79.2        32.5        30          35           0             0
    208        19         7          86.4      79.2      93.6        32.5        30          35       -0.25          0.25
    209        20         7         100.8      93.6       108        32.5        30          35           0             0
    210        21         7         115.2       108     122.4        32.5        30          35           0             0
    211        22         7         129.6     122.4     136.8        32.5        30          35           0             0
    212        23         7           144     136.8     151.2        32.5        30          35           0             0
    213        24         7         158.4     151.2     165.6        32.5        30          35           0             0
    214        25         7         172.8     165.6       180        32.5        30          35           0             0
    217         1         8        -172.8      -180    -165.6        37.5        35          40           0             0
    218         2         8        -158.4    -165.6    -151.2        37.5        35          40           0             0
    219         3         8          -144    -151.2    -136.8        37.5        35          40           0             0
    220         4         8        -129.6    -136.8    -122.4        37.5        35          40           0             0
    221         5         8        -115.2    -122.4      -108        37.5        35          40           0             0
    222         6         8        -100.8      -108     -93.6        37.5        35          40           0             0
    223         7         8         -86.4     -93.6     -79.2        37.5        35          40           0             0
    224         8         8           -72     -79.2     -64.8        37.5        35          40           0             0
    225         9         8         -57.6     -64.8     -50.4        37.5        35          40       -0.25          0.25
    226        10         8         -43.2     -50.4       -36        37.5        35          40       -0.25          0.25
    227        11         8         -28.8       -36     -21.6        37.5        35          40        0.75       1.03078
    228        12         8         -14.4     -21.6      -7.2        37.5        35          40       -0.25          0.25
    229        13         8   1.42109e-14      -7.2       7.2        37.5        35          40           0             0
    230        14         8          14.4       7.2      21.6        37.5        35          40          -1           0.5
    231        15         8          28.8      21.6        36        37.5        35          40       -0.25          0.25
    232        16         8          43.2        36      50.4        37.5        35          40           0             0
    233        17         8          57.6      50.4      64.8        37.5        35          40           0             0
    234        18         8            72      64.8      79.2        37.5        35          40           0             0
    235        19         8          86.4      79.2      93.6        37.5        35          40           0             0
    236        20         8         100.8      93.6       108        37.5        35          40           0             0
    237        21         8         115.2       108     122.4        37.5        35          40           0             0
    238        22         8         129.6     122.4     136.8        37.5        35          40       -0.25          0.25
    239        23         8           144     136.8     151.2        37.5        35          40           0             0
    240        24         8         158.4     151.2     165.6        37.5        35          40           0             0
    241        25         8         172.8     165.6       180        37.5        35          40           0             0
