# 2D Histogram Bin Extraction 
#                   
# histogram parameters:  
# ybins      = 8   | ylabel: th_xq_CM [deg] 
# xbins      = 25   | xlabel: phi_xq [deg] 
# ybin width = 5.000 
# xbin width = 14.400 
#                   
# header definitions:
# ib:         (x,y)  bin number 
# xb:         x-axis bin number 
# yb:         y-axis bin number 
# x0:         x-axis central bin value 
# xlow:       x-axis low-edge bin value 
# xup:        x-axis up-edge bin value 
# y0:         y-axis central bin value 
# ylow:       y-axis low-edge bin value 
# yup:        y-axis up-edge bin value 
# zcont:      bin content (z-axis) 
# zcont_err:  bin content error (z-axis) 
#                                        
#! ib[i,0]/  xb[i,1]/  yb[i,2]/  x0[f,3]/  xlow[f,4]/  xup[f,5]/  y0[f,6]/  ylow[f,7]/  yup[f,8]/  zcont[f,9]/  zcont_err[f,10]/  
     28         1         1        -172.8      -180    -165.6         2.5         0           5           7       2.64575
     29         2         1        -158.4    -165.6    -151.2         2.5         0           5           7       2.64575
     30         3         1          -144    -151.2    -136.8         2.5         0           5           5       2.23607
     31         4         1        -129.6    -136.8    -122.4         2.5         0           5       14.75       3.88104
     32         5         1        -115.2    -122.4      -108         2.5         0           5          21       4.58258
     33         6         1        -100.8      -108     -93.6         2.5         0           5       24.75       5.00625
     34         7         1         -86.4     -93.6     -79.2         2.5         0           5       33.25       5.84701
     35         8         1           -72     -79.2     -64.8         2.5         0           5          47       6.94622
     36         9         1         -57.6     -64.8     -50.4         2.5         0           5       54.25       7.51249
     37        10         1         -43.2     -50.4       -36         2.5         0           5       60.75       7.89383
     38        11         1         -28.8       -36     -21.6         2.5         0           5       77.25       8.91277
     39        12         1         -14.4     -21.6      -7.2         2.5         0           5       73.25       8.68548
     40        13         1   1.42109e-14      -7.2       7.2         2.5         0           5       90.25       9.61444
     41        14         1          14.4       7.2      21.6         2.5         0           5       79.75       9.01734
     42        15         1          28.8      21.6        36         2.5         0           5          70       8.44097
     43        16         1          43.2        36      50.4         2.5         0           5       48.25       7.01338
     44        17         1          57.6      50.4      64.8         2.5         0           5        42.5       6.56696
     45        18         1            72      64.8      79.2         2.5         0           5        33.5       5.84166
     46        19         1          86.4      79.2      93.6         2.5         0           5       28.25       5.40255
     47        20         1         100.8      93.6       108         2.5         0           5          26       5.22015
     48        21         1         115.2       108     122.4         2.5         0           5          11           3.5
     49        22         1         129.6     122.4     136.8         2.5         0           5          11       3.31662
     50        23         1           144     136.8     151.2         2.5         0           5        13.5       3.75832
     51        24         1         158.4     151.2     165.6         2.5         0           5         3.5       2.03101
     52        25         1         172.8     165.6       180         2.5         0           5           7       2.64575
     55         1         2        -172.8      -180    -165.6         7.5         5          10           2       1.41421
     56         2         2        -158.4    -165.6    -151.2         7.5         5          10           2       1.41421
     57         3         2          -144    -151.2    -136.8         7.5         5          10           1             1
     58         4         2        -129.6    -136.8    -122.4         7.5         5          10           2       1.41421
     59         5         2        -115.2    -122.4      -108         7.5         5          10           7       2.87228
     60         6         2        -100.8      -108     -93.6         7.5         5          10        33.5       5.84166
     61         7         2         -86.4     -93.6     -79.2         7.5         5          10       61.25       7.88591
     62         8         2           -72     -79.2     -64.8         7.5         5          10         100        10.247
     63         9         2         -57.6     -64.8     -50.4         7.5         5          10      157.25       12.7255
     64        10         2         -43.2     -50.4       -36         7.5         5          10         231       15.5644
     65        11         2         -28.8       -36     -21.6         7.5         5          10      262.25        16.679
     66        12         2         -14.4     -21.6      -7.2         7.5         5          10      281.25       17.2028
     67        13         2   1.42109e-14      -7.2       7.2         7.5         5          10      333.25       18.6531
     68        14         2          14.4       7.2      21.6         7.5         5          10         271       16.8745
     69        15         2          28.8      21.6        36         7.5         5          10       200.5       14.5731
     70        16         2          43.2        36      50.4         7.5         5          10      183.25       13.8902
     71        17         2          57.6      50.4      64.8         7.5         5          10      106.25       10.4732
     72        18         2            72      64.8      79.2         7.5         5          10       70.25       8.51102
     73        19         2          86.4      79.2      93.6         7.5         5          10       30.75       5.68441
     74        20         2         100.8      93.6       108         7.5         5          10        18.5       4.37321
     75        21         2         115.2       108     122.4         7.5         5          10        4.75          2.25
     76        22         2         129.6     122.4     136.8         7.5         5          10        2.75          1.75
     77        23         2           144     136.8     151.2         7.5         5          10           3       1.73205
     78        24         2         158.4     151.2     165.6         7.5         5          10           0             0
     79        25         2         172.8     165.6       180         7.5         5          10        0.75       1.03078
     82         1         3        -172.8      -180    -165.6        12.5        10          15           0             0
     83         2         3        -158.4    -165.6    -151.2        12.5        10          15           0             0
     84         3         3          -144    -151.2    -136.8        12.5        10          15           0             0
     85         4         3        -129.6    -136.8    -122.4        12.5        10          15           0             0
     86         5         3        -115.2    -122.4      -108        12.5        10          15           1             1
     87         6         3        -100.8      -108     -93.6        12.5        10          15           6       2.44949
     88         7         3         -86.4     -93.6     -79.2        12.5        10          15          25       5.12348
     89         8         3           -72     -79.2     -64.8        12.5        10          15       83.75        9.3039
     90         9         3         -57.6     -64.8     -50.4        12.5        10          15       139.5       12.2526
     91        10         3         -43.2     -50.4       -36        12.5        10          15         276       17.2772
     92        11         3         -28.8       -36     -21.6        12.5        10          15         283       17.7623
     93        12         3         -14.4     -21.6      -7.2        12.5        10          15      318.25       18.9192
     94        13         3   1.42109e-14      -7.2       7.2        12.5        10          15      320.25       19.0378
     95        14         3          14.4       7.2      21.6        12.5        10          15         297       18.2209
     96        15         3          28.8      21.6        36        12.5        10          15      254.75       16.6227
     97        16         3          43.2        36      50.4        12.5        10          15       168.5       13.4768
     98        17         3          57.6      50.4      64.8        12.5        10          15       82.25        9.5884
     99        18         3            72      64.8      79.2        12.5        10          15          44       6.91014
    100        19         3          86.4      79.2      93.6        12.5        10          15          17       4.12311
    101        20         3         100.8      93.6       108        12.5        10          15           3       1.73205
    102        21         3         115.2       108     122.4        12.5        10          15        1.75       1.43614
    103        22         3         129.6     122.4     136.8        12.5        10          15           2       1.41421
    104        23         3           144     136.8     151.2        12.5        10          15           0             0
    105        24         3         158.4     151.2     165.6        12.5        10          15       -0.25          0.25
    106        25         3         172.8     165.6       180        12.5        10          15           0             0
    109         1         4        -172.8      -180    -165.6        17.5        15          20           0             0
    110         2         4        -158.4    -165.6    -151.2        17.5        15          20           0             0
    111         3         4          -144    -151.2    -136.8        17.5        15          20           0             0
    112         4         4        -129.6    -136.8    -122.4        17.5        15          20           0             0
    113         5         4        -115.2    -122.4      -108        17.5        15          20           0             0
    114         6         4        -100.8      -108     -93.6        17.5        15          20           0             0
    115         7         4         -86.4     -93.6     -79.2        17.5        15          20           1             1
    116         8         4           -72     -79.2     -64.8        17.5        15          20          26       5.33854
    117         9         4         -57.6     -64.8     -50.4        17.5        15          20       76.25       9.13441
    118        10         4         -43.2     -50.4       -36        17.5        15          20         152       13.2571
    119        11         4         -28.8       -36     -21.6        17.5        15          20         163       14.2039
    120        12         4         -14.4     -21.6      -7.2        17.5        15          20      192.75       15.5503
    121        13         4   1.42109e-14      -7.2       7.2        17.5        15          20      195.25       15.8489
    122        14         4          14.4       7.2      21.6        17.5        15          20         158       14.2916
    123        15         4          28.8      21.6        36        17.5        15          20         136       13.2665
    124        16         4          43.2        36      50.4        17.5        15          20          88       10.2713
    125        17         4          57.6      50.4      64.8        17.5        15          20       45.75       7.23274
    126        18         4            72      64.8      79.2        17.5        15          20       12.25       3.79967
    127        19         4          86.4      79.2      93.6        17.5        15          20           1             1
    128        20         4         100.8      93.6       108        17.5        15          20           0             0
    129        21         4         115.2       108     122.4        17.5        15          20           0             0
    130        22         4         129.6     122.4     136.8        17.5        15          20           0             0
    131        23         4           144     136.8     151.2        17.5        15          20           0             0
    132        24         4         158.4     151.2     165.6        17.5        15          20           0             0
    133        25         4         172.8     165.6       180        17.5        15          20           0             0
    136         1         5        -172.8      -180    -165.6        22.5        20          25       -0.25          0.25
    137         2         5        -158.4    -165.6    -151.2        22.5        20          25           0             0
    138         3         5          -144    -151.2    -136.8        22.5        20          25           0             0
    139         4         5        -129.6    -136.8    -122.4        22.5        20          25           0             0
    140         5         5        -115.2    -122.4      -108        22.5        20          25           0             0
    141         6         5        -100.8      -108     -93.6        22.5        20          25           0             0
    142         7         5         -86.4     -93.6     -79.2        22.5        20          25       -0.25          0.25
    143         8         5           -72     -79.2     -64.8        22.5        20          25        0.75       1.03078
    144         9         5         -57.6     -64.8     -50.4        22.5        20          25          12       4.12311
    145        10         5         -43.2     -50.4       -36        22.5        20          25        55.5       8.50735
    146        11         5         -28.8       -36     -21.6        22.5        20          25       65.75        10.115
    147        12         5         -14.4     -21.6      -7.2        22.5        20          25          37        8.9861
    148        13         5   1.42109e-14      -7.2       7.2        22.5        20          25       74.25       10.7906
    149        14         5          14.4       7.2      21.6        22.5        20          25       39.25       8.95475
    150        15         5          28.8      21.6        36        22.5        20          25       58.75       9.63392
    151        16         5          43.2        36      50.4        22.5        20          25       52.75       8.17389
    152        17         5          57.6      50.4      64.8        22.5        20          25           3       2.34521
    153        18         5            72      64.8      79.2        22.5        20          25        1.75       1.43614
    154        19         5          86.4      79.2      93.6        22.5        20          25       -0.25          0.25
    155        20         5         100.8      93.6       108        22.5        20          25           0             0
    156        21         5         115.2       108     122.4        22.5        20          25           0             0
    157        22         5         129.6     122.4     136.8        22.5        20          25        0.75       1.03078
    158        23         5           144     136.8     151.2        22.5        20          25           0             0
    159        24         5         158.4     151.2     165.6        22.5        20          25           0             0
    160        25         5         172.8     165.6       180        22.5        20          25           0             0
    163         1         6        -172.8      -180    -165.6        27.5        25          30           0             0
    164         2         6        -158.4    -165.6    -151.2        27.5        25          30           0             0
    165         3         6          -144    -151.2    -136.8        27.5        25          30           0             0
    166         4         6        -129.6    -136.8    -122.4        27.5        25          30           0             0
    167         5         6        -115.2    -122.4      -108        27.5        25          30           0             0
    168         6         6        -100.8      -108     -93.6        27.5        25          30           0             0
    169         7         6         -86.4     -93.6     -79.2        27.5        25          30           0             0
    170         8         6           -72     -79.2     -64.8        27.5        25          30           0             0
    171         9         6         -57.6     -64.8     -50.4        27.5        25          30        0.75       1.03078
    172        10         6         -43.2     -50.4       -36        27.5        25          30          12       4.12311
    173        11         6         -28.8       -36     -21.6        27.5        25          30       12.75       5.64026
    174        12         6         -14.4     -21.6      -7.2        27.5        25          30          11       5.89491
    175        13         6   1.42109e-14      -7.2       7.2        27.5        25          30          21       6.10328
    176        14         6          14.4       7.2      21.6        27.5        25          30       14.25       6.23999
    177        15         6          28.8      21.6        36        27.5        25          30        18.5        6.5479
    178        16         6          43.2        36      50.4        27.5        25          30        2.75       3.05164
    179        17         6          57.6      50.4      64.8        27.5        25          30        2.75          1.75
    180        18         6            72      64.8      79.2        27.5        25          30           1             1
    181        19         6          86.4      79.2      93.6        27.5        25          30           0             0
    182        20         6         100.8      93.6       108        27.5        25          30           0             0
    183        21         6         115.2       108     122.4        27.5        25          30           0             0
    184        22         6         129.6     122.4     136.8        27.5        25          30       -0.25          0.25
    185        23         6           144     136.8     151.2        27.5        25          30           0             0
    186        24         6         158.4     151.2     165.6        27.5        25          30           0             0
    187        25         6         172.8     165.6       180        27.5        25          30           0             0
    190         1         7        -172.8      -180    -165.6        32.5        30          35           0             0
    191         2         7        -158.4    -165.6    -151.2        32.5        30          35           0             0
    192         3         7          -144    -151.2    -136.8        32.5        30          35           0             0
    193         4         7        -129.6    -136.8    -122.4        32.5        30          35           0             0
    194         5         7        -115.2    -122.4      -108        32.5        30          35           0             0
    195         6         7        -100.8      -108     -93.6        32.5        30          35           0             0
    196         7         7         -86.4     -93.6     -79.2        32.5        30          35           0             0
    197         8         7           -72     -79.2     -64.8        32.5        30          35           1             1
    198         9         7         -57.6     -64.8     -50.4        32.5        30          35           0             0
    199        10         7         -43.2     -50.4       -36        32.5        30          35        1.75       1.43614
    200        11         7         -28.8       -36     -21.6        32.5        30          35        5.25       3.52668
    201        12         7         -14.4     -21.6      -7.2        32.5        30          35         0.5       1.90394
    202        13         7   1.42109e-14      -7.2       7.2        32.5        30          35          -2       1.32288
    203        14         7          14.4       7.2      21.6        32.5        30          35        1.25        2.4367
    204        15         7          28.8      21.6        36        32.5        30          35       -0.25       2.96859
    205        16         7          43.2        36      50.4        32.5        30          35        1.75       1.43614
    206        17         7          57.6      50.4      64.8        32.5        30          35           1             1
    207        18         7            72      64.8      79.2        32.5        30          35           0             0
    208        19         7          86.4      79.2      93.6        32.5        30          35           0             0
    209        20         7         100.8      93.6       108        32.5        30          35       -0.25          0.25
    210        21         7         115.2       108     122.4        32.5        30          35           0             0
    211        22         7         129.6     122.4     136.8        32.5        30          35           0             0
    212        23         7           144     136.8     151.2        32.5        30          35       -0.25          0.25
    213        24         7         158.4     151.2     165.6        32.5        30          35           0             0
    214        25         7         172.8     165.6       180        32.5        30          35           0             0
    217         1         8        -172.8      -180    -165.6        37.5        35          40           0             0
    218         2         8        -158.4    -165.6    -151.2        37.5        35          40           0             0
    219         3         8          -144    -151.2    -136.8        37.5        35          40           0             0
    220         4         8        -129.6    -136.8    -122.4        37.5        35          40           0             0
    221         5         8        -115.2    -122.4      -108        37.5        35          40           0             0
    222         6         8        -100.8      -108     -93.6        37.5        35          40           0             0
    223         7         8         -86.4     -93.6     -79.2        37.5        35          40           0             0
    224         8         8           -72     -79.2     -64.8        37.5        35          40           0             0
    225         9         8         -57.6     -64.8     -50.4        37.5        35          40           0             0
    226        10         8         -43.2     -50.4       -36        37.5        35          40           0             0
    227        11         8         -28.8       -36     -21.6        37.5        35          40           1             1
    228        12         8         -14.4     -21.6      -7.2        37.5        35          40           0             0
    229        13         8   1.42109e-14      -7.2       7.2        37.5        35          40           0             0
    230        14         8          14.4       7.2      21.6        37.5        35          40           1             1
    231        15         8          28.8      21.6        36        37.5        35          40       -0.75      0.433013
    232        16         8          43.2        36      50.4        37.5        35          40        0.75       1.03078
    233        17         8          57.6      50.4      64.8        37.5        35          40           0             0
    234        18         8            72      64.8      79.2        37.5        35          40           0             0
    235        19         8          86.4      79.2      93.6        37.5        35          40           0             0
    236        20         8         100.8      93.6       108        37.5        35          40           0             0
    237        21         8         115.2       108     122.4        37.5        35          40           0             0
    238        22         8         129.6     122.4     136.8        37.5        35          40           0             0
    239        23         8           144     136.8     151.2        37.5        35          40           0             0
    240        24         8         158.4     151.2     165.6        37.5        35          40           0             0
    241        25         8         172.8     165.6       180        37.5        35          40           0             0
