# 2D Histogram Bin Extraction 
#                   
# histogram parameters:  
# ybins      = 8   | ylabel: th_xq_CM [deg] 
# xbins      = 25   | xlabel: phi_xq [deg] 
# ybin width = 5.000 
# xbin width = 14.400 
#                   
# header definitions:
# ib:         (x,y)  bin number 
# xb:         x-axis bin number 
# yb:         y-axis bin number 
# x0:         x-axis central bin value 
# xlow:       x-axis low-edge bin value 
# xup:        x-axis up-edge bin value 
# y0:         y-axis central bin value 
# ylow:       y-axis low-edge bin value 
# yup:        y-axis up-edge bin value 
# zcont:      bin content (z-axis) 
# zcont_err:  bin content error (z-axis) 
#                                        
#! ib[i,0]/  xb[i,1]/  yb[i,2]/  x0[f,3]/  xlow[f,4]/  xup[f,5]/  y0[f,6]/  ylow[f,7]/  yup[f,8]/  zcont[f,9]/  zcont_err[f,10]/  
     28         1         1        -172.8      -180    -165.6         2.5         0           5        4.75          2.25
     29         2         1        -158.4    -165.6    -151.2         2.5         0           5        8.75        3.0104
     30         3         1          -144    -151.2    -136.8         2.5         0           5         9.5       3.18198
     31         4         1        -129.6    -136.8    -122.4         2.5         0           5        19.5       4.48609
     32         5         1        -115.2    -122.4      -108         2.5         0           5       18.75       4.36606
     33         6         1        -100.8      -108     -93.6         2.5         0           5       26.25       5.21416
     34         7         1         -86.4     -93.6     -79.2         2.5         0           5       30.25       5.69539
     35         8         1           -72     -79.2     -64.8         2.5         0           5       33.75       5.94243
     36         9         1         -57.6     -64.8     -50.4         2.5         0           5       59.25       7.83821
     37        10         1         -43.2     -50.4       -36         2.5         0           5          60       7.82624
     38        11         1         -28.8       -36     -21.6         2.5         0           5       64.25       8.22724
     39        12         1         -14.4     -21.6      -7.2         2.5         0           5          72       8.63134
     40        13         1   1.42109e-14      -7.2       7.2         2.5         0           5       93.25       9.76921
     41        14         1          14.4       7.2      21.6         2.5         0           5         101       10.1119
     42        15         1          28.8      21.6        36         2.5         0           5          74       8.74643
     43        16         1          43.2        36      50.4         2.5         0           5       68.25       8.39271
     44        17         1          57.6      50.4      64.8         2.5         0           5        51.5       7.30582
     45        18         1            72      64.8      79.2         2.5         0           5          43       6.55744
     46        19         1          86.4      79.2      93.6         2.5         0           5       27.25       5.30919
     47        20         1         100.8      93.6       108         2.5         0           5          26       5.09902
     48        21         1         115.2       108     122.4         2.5         0           5        17.5       4.25735
     49        22         1         129.6     122.4     136.8         2.5         0           5        7.75       2.83945
     50        23         1           144     136.8     151.2         2.5         0           5        8.75        3.0104
     51        24         1         158.4     151.2     165.6         2.5         0           5       11.75       3.47311
     52        25         1         172.8     165.6       180         2.5         0           5          12        3.4641
     55         1         2        -172.8      -180    -165.6         7.5         5          10       -0.25          0.25
     56         2         2        -158.4    -165.6    -151.2         7.5         5          10        0.75       1.03078
     57         3         2          -144    -151.2    -136.8         7.5         5          10           2       1.41421
     58         4         2        -129.6    -136.8    -122.4         7.5         5          10           3       1.73205
     59         5         2        -115.2    -122.4      -108         7.5         5          10         3.5       2.03101
     60         6         2        -100.8      -108     -93.6         7.5         5          10       29.75       5.48293
     61         7         2         -86.4     -93.6     -79.2         7.5         5          10          59       7.76209
     62         8         2           -72     -79.2     -64.8         7.5         5          10       112.5       10.8109
     63         9         2         -57.6     -64.8     -50.4         7.5         5          10      168.25       13.2453
     64        10         2         -43.2     -50.4       -36         7.5         5          10       230.5       15.5282
     65        11         2         -28.8       -36     -21.6         7.5         5          10         285       17.3925
     66        12         2         -14.4     -21.6      -7.2         7.5         5          10      361.75       19.4824
     67        13         2   1.42109e-14      -7.2       7.2         7.5         5          10      292.25       17.6618
     68        14         2          14.4       7.2      21.6         7.5         5          10      331.25       18.6665
     69        15         2          28.8      21.6        36         7.5         5          10       250.5        16.198
     70        16         2          43.2        36      50.4         7.5         5          10         174       13.5185
     71        17         2          57.6      50.4      64.8         7.5         5          10       116.5       11.1636
     72        18         2            72      64.8      79.2         7.5         5          10          74       8.74643
     73        19         2          86.4      79.2      93.6         7.5         5          10        32.5       5.75543
     74        20         2         100.8      93.6       108         7.5         5          10          12        3.4641
     75        21         2         115.2       108     122.4         7.5         5          10          10       3.16228
     76        22         2         129.6     122.4     136.8         7.5         5          10           1             1
     77        23         2           144     136.8     151.2         7.5         5          10           2       1.41421
     78        24         2         158.4     151.2     165.6         7.5         5          10           1             1
     79        25         2         172.8     165.6       180         7.5         5          10           1             1
     82         1         3        -172.8      -180    -165.6        12.5        10          15           0             0
     83         2         3        -158.4    -165.6    -151.2        12.5        10          15           0             0
     84         3         3          -144    -151.2    -136.8        12.5        10          15           0             0
     85         4         3        -129.6    -136.8    -122.4        12.5        10          15           0             0
     86         5         3        -115.2    -122.4      -108        12.5        10          15           0             0
     87         6         3        -100.8      -108     -93.6        12.5        10          15        6.75       2.65754
     88         7         3         -86.4     -93.6     -79.2        12.5        10          15       18.25       4.38035
     89         8         3           -72     -79.2     -64.8        12.5        10          15       69.75       8.59142
     90         9         3         -57.6     -64.8     -50.4        12.5        10          15       151.5       12.8306
     91        10         3         -43.2     -50.4       -36        12.5        10          15      280.75       17.5303
     92        11         3         -28.8       -36     -21.6        12.5        10          15      339.25       19.1752
     93        12         3         -14.4     -21.6      -7.2        12.5        10          15       374.5       20.3132
     94        13         3   1.42109e-14      -7.2       7.2        12.5        10          15      383.75       20.5624
     95        14         3          14.4       7.2      21.6        12.5        10          15      280.25       17.8518
     96        15         3          28.8      21.6        36        12.5        10          15       231.5       16.1903
     97        16         3          43.2        36      50.4        12.5        10          15       176.5        13.725
     98        17         3          57.6      50.4      64.8        12.5        10          15       80.25        9.3508
     99        18         3            72      64.8      79.2        12.5        10          15        45.5       6.88295
    100        19         3          86.4      79.2      93.6        12.5        10          15       17.75          4.25
    101        20         3         100.8      93.6       108        12.5        10          15           3       1.73205
    102        21         3         115.2       108     122.4        12.5        10          15           0             0
    103        22         3         129.6     122.4     136.8        12.5        10          15           0             0
    104        23         3           144     136.8     151.2        12.5        10          15           0             0
    105        24         3         158.4     151.2     165.6        12.5        10          15           0             0
    106        25         3         172.8     165.6       180        12.5        10          15           0             0
    109         1         4        -172.8      -180    -165.6        17.5        15          20           0             0
    110         2         4        -158.4    -165.6    -151.2        17.5        15          20           0             0
    111         3         4          -144    -151.2    -136.8        17.5        15          20           0             0
    112         4         4        -129.6    -136.8    -122.4        17.5        15          20           0             0
    113         5         4        -115.2    -122.4      -108        17.5        15          20           0             0
    114         6         4        -100.8      -108     -93.6        17.5        15          20           0             0
    115         7         4         -86.4     -93.6     -79.2        17.5        15          20       -0.25          0.25
    116         8         4           -72     -79.2     -64.8        17.5        15          20          21       4.71699
    117         9         4         -57.6     -64.8     -50.4        17.5        15          20       79.75       9.35748
    118        10         4         -43.2     -50.4       -36        17.5        15          20      161.75       13.5854
    119        11         4         -28.8       -36     -21.6        17.5        15          20      172.75        14.682
    120        12         4         -14.4     -21.6      -7.2        17.5        15          20      188.25       15.3847
    121        13         4   1.42109e-14      -7.2       7.2        17.5        15          20      198.75       15.9001
    122        14         4          14.4       7.2      21.6        17.5        15          20         172       15.0665
    123        15         4          28.8      21.6        36        17.5        15          20       116.5       12.5847
    124        16         4          43.2        36      50.4        17.5        15          20       97.25       10.7558
    125        17         4          57.6      50.4      64.8        17.5        15          20       38.75       6.54313
    126        18         4            72      64.8      79.2        17.5        15          20           7       2.87228
    127        19         4          86.4      79.2      93.6        17.5        15          20           2       1.41421
    128        20         4         100.8      93.6       108        17.5        15          20       -0.25          0.25
    129        21         4         115.2       108     122.4        17.5        15          20           0             0
    130        22         4         129.6     122.4     136.8        17.5        15          20           0             0
    131        23         4           144     136.8     151.2        17.5        15          20           0             0
    132        24         4         158.4     151.2     165.6        17.5        15          20           0             0
    133        25         4         172.8     165.6       180        17.5        15          20           0             0
    136         1         5        -172.8      -180    -165.6        22.5        20          25           0             0
    137         2         5        -158.4    -165.6    -151.2        22.5        20          25           0             0
    138         3         5          -144    -151.2    -136.8        22.5        20          25           0             0
    139         4         5        -129.6    -136.8    -122.4        22.5        20          25           0             0
    140         5         5        -115.2    -122.4      -108        22.5        20          25           0             0
    141         6         5        -100.8      -108     -93.6        22.5        20          25           0             0
    142         7         5         -86.4     -93.6     -79.2        22.5        20          25        -0.5      0.353553
    143         8         5           -72     -79.2     -64.8        22.5        20          25        -0.5      0.353553
    144         9         5         -57.6     -64.8     -50.4        22.5        20          25       11.75       3.81608
    145        10         5         -43.2     -50.4       -36        22.5        20          25       47.75       8.17389
    146        11         5         -28.8       -36     -21.6        22.5        20          25          61       9.86154
    147        12         5         -14.4     -21.6      -7.2        22.5        20          25       63.25       10.0219
    148        13         5   1.42109e-14      -7.2       7.2        22.5        20          25          60            10
    149        14         5          14.4       7.2      21.6        22.5        20          25       76.25       10.6507
    150        15         5          28.8      21.6        36        22.5        20          25       51.25       8.99653
    151        16         5          43.2        36      50.4        22.5        20          25        41.5       7.47496
    152        17         5          57.6      50.4      64.8        22.5        20          25        9.75       3.36341
    153        18         5            72      64.8      79.2        22.5        20          25        2.25       1.78536
    154        19         5          86.4      79.2      93.6        22.5        20          25        0.75       1.03078
    155        20         5         100.8      93.6       108        22.5        20          25           0             0
    156        21         5         115.2       108     122.4        22.5        20          25           0             0
    157        22         5         129.6     122.4     136.8        22.5        20          25           0             0
    158        23         5           144     136.8     151.2        22.5        20          25           0             0
    159        24         5         158.4     151.2     165.6        22.5        20          25           0             0
    160        25         5         172.8     165.6       180        22.5        20          25           0             0
    163         1         6        -172.8      -180    -165.6        27.5        25          30           0             0
    164         2         6        -158.4    -165.6    -151.2        27.5        25          30           0             0
    165         3         6          -144    -151.2    -136.8        27.5        25          30           0             0
    166         4         6        -129.6    -136.8    -122.4        27.5        25          30           0             0
    167         5         6        -115.2    -122.4      -108        27.5        25          30           0             0
    168         6         6        -100.8      -108     -93.6        27.5        25          30           0             0
    169         7         6         -86.4     -93.6     -79.2        27.5        25          30           0             0
    170         8         6           -72     -79.2     -64.8        27.5        25          30           0             0
    171         9         6         -57.6     -64.8     -50.4        27.5        25          30        0.25       1.08972
    172        10         6         -43.2     -50.4       -36        27.5        25          30        6.75       3.97649
    173        11         6         -28.8       -36     -21.6        27.5        25          30       12.75        5.4141
    174        12         6         -14.4     -21.6      -7.2        27.5        25          30       17.25       6.37868
    175        13         6   1.42109e-14      -7.2       7.2        27.5        25          30       17.25       6.27993
    176        14         6          14.4       7.2      21.6        27.5        25          30        25.5       6.97316
    177        15         6          28.8      21.6        36        27.5        25          30       20.25       6.31961
    178        16         6          43.2        36      50.4        27.5        25          30       11.25       4.57575
    179        17         6          57.6      50.4      64.8        27.5        25          30        0.75       1.03078
    180        18         6            72      64.8      79.2        27.5        25          30       -0.25          0.25
    181        19         6          86.4      79.2      93.6        27.5        25          30       -0.25          0.25
    182        20         6         100.8      93.6       108        27.5        25          30           0             0
    183        21         6         115.2       108     122.4        27.5        25          30       -0.25          0.25
    184        22         6         129.6     122.4     136.8        27.5        25          30           0             0
    185        23         6           144     136.8     151.2        27.5        25          30           1             1
    186        24         6         158.4     151.2     165.6        27.5        25          30           0             0
    187        25         6         172.8     165.6       180        27.5        25          30           0             0
    190         1         7        -172.8      -180    -165.6        32.5        30          35           0             0
    191         2         7        -158.4    -165.6    -151.2        32.5        30          35           0             0
    192         3         7          -144    -151.2    -136.8        32.5        30          35           0             0
    193         4         7        -129.6    -136.8    -122.4        32.5        30          35           0             0
    194         5         7        -115.2    -122.4      -108        32.5        30          35           0             0
    195         6         7        -100.8      -108     -93.6        32.5        30          35           0             0
    196         7         7         -86.4     -93.6     -79.2        32.5        30          35           0             0
    197         8         7           -72     -79.2     -64.8        32.5        30          35           0             0
    198         9         7         -57.6     -64.8     -50.4        32.5        30          35           0             0
    199        10         7         -43.2     -50.4       -36        32.5        30          35         0.5       1.06066
    200        11         7         -28.8       -36     -21.6        32.5        30          35         1.5       2.89396
    201        12         7         -14.4     -21.6      -7.2        32.5        30          35        0.25       2.22205
    202        13         7   1.42109e-14      -7.2       7.2        32.5        30          35          -1       1.22474
    203        14         7          14.4       7.2      21.6        32.5        30          35         3.5       3.02076
    204        15         7          28.8      21.6        36        32.5        30          35           6           3.5
    205        16         7          43.2        36      50.4        32.5        30          35           1           1.5
    206        17         7          57.6      50.4      64.8        32.5        30          35       -0.75      0.433013
    207        18         7            72      64.8      79.2        32.5        30          35           0             0
    208        19         7          86.4      79.2      93.6        32.5        30          35       -0.25          0.25
    209        20         7         100.8      93.6       108        32.5        30          35           0             0
    210        21         7         115.2       108     122.4        32.5        30          35        -0.5      0.353553
    211        22         7         129.6     122.4     136.8        32.5        30          35           0             0
    212        23         7           144     136.8     151.2        32.5        30          35       -0.25          0.25
    213        24         7         158.4     151.2     165.6        32.5        30          35           0             0
    214        25         7         172.8     165.6       180        32.5        30          35           0             0
    217         1         8        -172.8      -180    -165.6        37.5        35          40           0             0
    218         2         8        -158.4    -165.6    -151.2        37.5        35          40           0             0
    219         3         8          -144    -151.2    -136.8        37.5        35          40           0             0
    220         4         8        -129.6    -136.8    -122.4        37.5        35          40           0             0
    221         5         8        -115.2    -122.4      -108        37.5        35          40           0             0
    222         6         8        -100.8      -108     -93.6        37.5        35          40           0             0
    223         7         8         -86.4     -93.6     -79.2        37.5        35          40       -0.25          0.25
    224         8         8           -72     -79.2     -64.8        37.5        35          40           0             0
    225         9         8         -57.6     -64.8     -50.4        37.5        35          40           0             0
    226        10         8         -43.2     -50.4       -36        37.5        35          40           0             0
    227        11         8         -28.8       -36     -21.6        37.5        35          40        1.75       1.43614
    228        12         8         -14.4     -21.6      -7.2        37.5        35          40           0             0
    229        13         8   1.42109e-14      -7.2       7.2        37.5        35          40           0             0
    230        14         8          14.4       7.2      21.6        37.5        35          40           0             0
    231        15         8          28.8      21.6        36        37.5        35          40        1.25       1.47902
    232        16         8          43.2        36      50.4        37.5        35          40        1.75       1.43614
    233        17         8          57.6      50.4      64.8        37.5        35          40       -0.25          0.25
    234        18         8            72      64.8      79.2        37.5        35          40           0             0
    235        19         8          86.4      79.2      93.6        37.5        35          40        -0.5      0.353553
    236        20         8         100.8      93.6       108        37.5        35          40           0             0
    237        21         8         115.2       108     122.4        37.5        35          40           0             0
    238        22         8         129.6     122.4     136.8        37.5        35          40           0             0
    239        23         8           144     136.8     151.2        37.5        35          40           0             0
    240        24         8         158.4     151.2     165.6        37.5        35          40           0             0
    241        25         8         172.8     165.6       180        37.5        35          40           0             0
