# 2D Histogram Bin Extraction 
#                   
# histogram parameters:  
# ybins      = 8   | ylabel: th_xq_CM [deg] 
# xbins      = 25   | xlabel: phi_xq [deg] 
# ybin width = 5.000 
# xbin width = 14.400 
#                   
# header definitions:
# ib:         (x,y)  bin number 
# xb:         x-axis bin number 
# yb:         y-axis bin number 
# x0:         x-axis central bin value 
# xlow:       x-axis low-edge bin value 
# xup:        x-axis up-edge bin value 
# y0:         y-axis central bin value 
# ylow:       y-axis low-edge bin value 
# yup:        y-axis up-edge bin value 
# zcont:      bin content (z-axis) 
# zcont_err:  bin content error (z-axis) 
#                                        
#! ib[i,0]/  xb[i,1]/  yb[i,2]/  x0[f,3]/  xlow[f,4]/  xup[f,5]/  y0[f,6]/  ylow[f,7]/  yup[f,8]/  zcont[f,9]/  zcont_err[f,10]/  
     28         1         1        -172.8      -180    -165.6         2.5         0           5           7       2.64575
     29         2         1        -158.4    -165.6    -151.2         2.5         0           5        8.75        3.0104
     30         3         1          -144    -151.2    -136.8         2.5         0           5         8.5       3.02076
     31         4         1        -129.6    -136.8    -122.4         2.5         0           5          18       4.24264
     32         5         1        -115.2    -122.4      -108         2.5         0           5       24.75       5.00625
     33         6         1        -100.8      -108     -93.6         2.5         0           5       21.75       4.69707
     34         7         1         -86.4     -93.6     -79.2         2.5         0           5          40       6.42262
     35         8         1           -72     -79.2     -64.8         2.5         0           5       48.75       7.00446
     36         9         1         -57.6     -64.8     -50.4         2.5         0           5        58.5       7.77014
     37        10         1         -43.2     -50.4       -36         2.5         0           5       65.25       8.21203
     38        11         1         -28.8       -36     -21.6         2.5         0           5        70.5       8.50735
     39        12         1         -14.4     -21.6      -7.2         2.5         0           5        66.5       8.34416
     40        13         1   1.42109e-14      -7.2       7.2         2.5         0           5       87.75       9.51643
     41        14         1          14.4       7.2      21.6         2.5         0           5       82.75          9.25
     42        15         1          28.8      21.6        36         2.5         0           5       61.25       8.04285
     43        16         1          43.2        36      50.4         2.5         0           5          62       8.03119
     44        17         1          57.6      50.4      64.8         2.5         0           5       58.25       7.77416
     45        18         1            72      64.8      79.2         2.5         0           5        39.5       6.43234
     46        19         1          86.4      79.2      93.6         2.5         0           5       28.75       5.39096
     47        20         1         100.8      93.6       108         2.5         0           5       17.75          4.25
     48        21         1         115.2       108     122.4         2.5         0           5       19.75       4.47912
     49        22         1         129.6     122.4     136.8         2.5         0           5          14       3.74166
     50        23         1           144     136.8     151.2         2.5         0           5        6.75       2.65754
     51        24         1         158.4     151.2     165.6         2.5         0           5          14       3.74166
     52        25         1         172.8     165.6       180         2.5         0           5           6       2.44949
     55         1         2        -172.8      -180    -165.6         7.5         5          10           2       1.41421
     56         2         2        -158.4    -165.6    -151.2         7.5         5          10           0             0
     57         3         2          -144    -151.2    -136.8         7.5         5          10        0.75       1.03078
     58         4         2        -129.6    -136.8    -122.4         7.5         5          10           1             1
     59         5         2        -115.2    -122.4      -108         7.5         5          10        5.75       2.46221
     60         6         2        -100.8      -108     -93.6         7.5         5          10       16.25       4.14578
     61         7         2         -86.4     -93.6     -79.2         7.5         5          10       48.25       7.01338
     62         8         2           -72     -79.2     -64.8         7.5         5          10       80.75       9.14125
     63         9         2         -57.6     -64.8     -50.4         7.5         5          10         168       13.1529
     64        10         2         -43.2     -50.4       -36         7.5         5          10         220       15.3704
     65        11         2         -28.8       -36     -21.6         7.5         5          10         301       17.7412
     66        12         2         -14.4     -21.6      -7.2         7.5         5          10      325.25       18.4713
     67        13         2   1.42109e-14      -7.2       7.2         7.5         5          10         327       18.6615
     68        14         2          14.4       7.2      21.6         7.5         5          10       289.5       17.5036
     69        15         2          28.8      21.6        36         7.5         5          10       222.5       15.3907
     70        16         2          43.2        36      50.4         7.5         5          10      163.25       13.1506
     71        17         2          57.6      50.4      64.8         7.5         5          10       142.5       12.0675
     72        18         2            72      64.8      79.2         7.5         5          10        62.5        8.0234
     73        19         2          86.4      79.2      93.6         7.5         5          10       41.25       6.59071
     74        20         2         100.8      93.6       108         7.5         5          10          15       3.87298
     75        21         2         115.2       108     122.4         7.5         5          10        6.75       2.65754
     76        22         2         129.6     122.4     136.8         7.5         5          10        2.75          1.75
     77        23         2           144     136.8     151.2         7.5         5          10           2       1.41421
     78        24         2         158.4     151.2     165.6         7.5         5          10           0             0
     79        25         2         172.8     165.6       180         7.5         5          10           0             0
     82         1         3        -172.8      -180    -165.6        12.5        10          15           0             0
     83         2         3        -158.4    -165.6    -151.2        12.5        10          15           0             0
     84         3         3          -144    -151.2    -136.8        12.5        10          15           0             0
     85         4         3        -129.6    -136.8    -122.4        12.5        10          15           0             0
     86         5         3        -115.2    -122.4      -108        12.5        10          15           1             1
     87         6         3        -100.8      -108     -93.6        12.5        10          15           5       2.23607
     88         7         3         -86.4     -93.6     -79.2        12.5        10          15        22.5        4.9371
     89         8         3           -72     -79.2     -64.8        12.5        10          15       64.25       8.22724
     90         9         3         -57.6     -64.8     -50.4        12.5        10          15       138.5       12.2627
     91        10         3         -43.2     -50.4       -36        12.5        10          15         243       16.2942
     92        11         3         -28.8       -36     -21.6        12.5        10          15      309.25       18.4442
     93        12         3         -14.4     -21.6      -7.2        12.5        10          15         336       19.3907
     94        13         3   1.42109e-14      -7.2       7.2        12.5        10          15      322.75        19.185
     95        14         3          14.4       7.2      21.6        12.5        10          15       290.5       18.0589
     96        15         3          28.8      21.6        36        12.5        10          15      270.75       17.2428
     97        16         3          43.2        36      50.4        12.5        10          15      171.25       13.6816
     98        17         3          57.6      50.4      64.8        12.5        10          15          94       10.1366
     99        18         3            72      64.8      79.2        12.5        10          15          48       7.10634
    100        19         3          86.4      79.2      93.6        12.5        10          15        12.5       3.79144
    101        20         3         100.8      93.6       108        12.5        10          15        3.25       2.04634
    102        21         3         115.2       108     122.4        12.5        10          15       -0.25          0.25
    103        22         3         129.6     122.4     136.8        12.5        10          15       -0.25          0.25
    104        23         3           144     136.8     151.2        12.5        10          15           1             1
    105        24         3         158.4     151.2     165.6        12.5        10          15           0             0
    106        25         3         172.8     165.6       180        12.5        10          15           0             0
    109         1         4        -172.8      -180    -165.6        17.5        15          20           0             0
    110         2         4        -158.4    -165.6    -151.2        17.5        15          20           0             0
    111         3         4          -144    -151.2    -136.8        17.5        15          20           0             0
    112         4         4        -129.6    -136.8    -122.4        17.5        15          20           0             0
    113         5         4        -115.2    -122.4      -108        17.5        15          20           0             0
    114         6         4        -100.8      -108     -93.6        17.5        15          20           0             0
    115         7         4         -86.4     -93.6     -79.2        17.5        15          20        0.75       1.03078
    116         8         4           -72     -79.2     -64.8        17.5        15          20       24.75       5.12957
    117         9         4         -57.6     -64.8     -50.4        17.5        15          20       77.25       9.25675
    118        10         4         -43.2     -50.4       -36        17.5        15          20      141.25       12.6368
    119        11         4         -28.8       -36     -21.6        17.5        15          20      164.75       14.1885
    120        12         4         -14.4     -21.6      -7.2        17.5        15          20       196.5       15.7995
    121        13         4   1.42109e-14      -7.2       7.2        17.5        15          20      203.25       16.1381
    122        14         4          14.4       7.2      21.6        17.5        15          20      170.75       14.8682
    123        15         4          28.8      21.6        36        17.5        15          20       145.5       13.7341
    124        16         4          43.2        36      50.4        17.5        15          20         107       11.2694
    125        17         4          57.6      50.4      64.8        17.5        15          20       58.25       7.93332
    126        18         4            72      64.8      79.2        17.5        15          20          12       3.80789
    127        19         4          86.4      79.2      93.6        17.5        15          20        1.75       1.43614
    128        20         4         100.8      93.6       108        17.5        15          20           0             0
    129        21         4         115.2       108     122.4        17.5        15          20           0             0
    130        22         4         129.6     122.4     136.8        17.5        15          20           0             0
    131        23         4           144     136.8     151.2        17.5        15          20           0             0
    132        24         4         158.4     151.2     165.6        17.5        15          20           0             0
    133        25         4         172.8     165.6       180        17.5        15          20           0             0
    136         1         5        -172.8      -180    -165.6        22.5        20          25           0             0
    137         2         5        -158.4    -165.6    -151.2        22.5        20          25           0             0
    138         3         5          -144    -151.2    -136.8        22.5        20          25           0             0
    139         4         5        -129.6    -136.8    -122.4        22.5        20          25           0             0
    140         5         5        -115.2    -122.4      -108        22.5        20          25           0             0
    141         6         5        -100.8      -108     -93.6        22.5        20          25           0             0
    142         7         5         -86.4     -93.6     -79.2        22.5        20          25           0             0
    143         8         5           -72     -79.2     -64.8        22.5        20          25        -0.5      0.353553
    144         9         5         -57.6     -64.8     -50.4        22.5        20          25        18.5       4.78278
    145        10         5         -43.2     -50.4       -36        22.5        20          25       47.75       7.94119
    146        11         5         -28.8       -36     -21.6        22.5        20          25          51       8.86002
    147        12         5         -14.4     -21.6      -7.2        22.5        20          25          62       10.0374
    148        13         5   1.42109e-14      -7.2       7.2        22.5        20          25       64.75       10.3712
    149        14         5          14.4       7.2      21.6        22.5        20          25          66       10.5357
    150        15         5          28.8      21.6        36        22.5        20          25       61.75       9.72433
    151        16         5          43.2        36      50.4        22.5        20          25        45.5       7.73789
    152        17         5          57.6      50.4      64.8        22.5        20          25       11.25       3.66572
    153        18         5            72      64.8      79.2        22.5        20          25        -0.5      0.353553
    154        19         5          86.4      79.2      93.6        22.5        20          25           0             0
    155        20         5         100.8      93.6       108        22.5        20          25       -0.25          0.25
    156        21         5         115.2       108     122.4        22.5        20          25           1             1
    157        22         5         129.6     122.4     136.8        22.5        20          25           0             0
    158        23         5           144     136.8     151.2        22.5        20          25           0             0
    159        24         5         158.4     151.2     165.6        22.5        20          25           0             0
    160        25         5         172.8     165.6       180        22.5        20          25           1             1
    163         1         6        -172.8      -180    -165.6        27.5        25          30           0             0
    164         2         6        -158.4    -165.6    -151.2        27.5        25          30           0             0
    165         3         6          -144    -151.2    -136.8        27.5        25          30           0             0
    166         4         6        -129.6    -136.8    -122.4        27.5        25          30           0             0
    167         5         6        -115.2    -122.4      -108        27.5        25          30           0             0
    168         6         6        -100.8      -108     -93.6        27.5        25          30           0             0
    169         7         6         -86.4     -93.6     -79.2        27.5        25          30           0             0
    170         8         6           -72     -79.2     -64.8        27.5        25          30           1             1
    171         9         6         -57.6     -64.8     -50.4        27.5        25          30        0.75       1.03078
    172        10         6         -43.2     -50.4       -36        27.5        25          30         7.5       4.25735
    173        11         6         -28.8       -36     -21.6        27.5        25          30        29.5       6.99107
    174        12         6         -14.4     -21.6      -7.2        27.5        25          30          10       5.70088
    175        13         6   1.42109e-14      -7.2       7.2        27.5        25          30       21.25        6.2998
    176        14         6          14.4       7.2      21.6        27.5        25          30        20.5       6.97316
    177        15         6          28.8      21.6        36        27.5        25          30        18.5       6.05186
    178        16         6          43.2        36      50.4        27.5        25          30           7       3.96863
    179        17         6          57.6      50.4      64.8        27.5        25          30           1             1
    180        18         6            72      64.8      79.2        27.5        25          30       -0.25          0.25
    181        19         6          86.4      79.2      93.6        27.5        25          30           0             0
    182        20         6         100.8      93.6       108        27.5        25          30           0             0
    183        21         6         115.2       108     122.4        27.5        25          30           0             0
    184        22         6         129.6     122.4     136.8        27.5        25          30       -0.25          0.25
    185        23         6           144     136.8     151.2        27.5        25          30       -0.25          0.25
    186        24         6         158.4     151.2     165.6        27.5        25          30           0             0
    187        25         6         172.8     165.6       180        27.5        25          30           0             0
    190         1         7        -172.8      -180    -165.6        32.5        30          35           0             0
    191         2         7        -158.4    -165.6    -151.2        32.5        30          35           0             0
    192         3         7          -144    -151.2    -136.8        32.5        30          35           0             0
    193         4         7        -129.6    -136.8    -122.4        32.5        30          35           0             0
    194         5         7        -115.2    -122.4      -108        32.5        30          35           0             0
    195         6         7        -100.8      -108     -93.6        32.5        30          35           0             0
    196         7         7         -86.4     -93.6     -79.2        32.5        30          35           0             0
    197         8         7           -72     -79.2     -64.8        32.5        30          35           1             1
    198         9         7         -57.6     -64.8     -50.4        32.5        30          35           0             0
    199        10         7         -43.2     -50.4       -36        32.5        30          35       -0.25          0.25
    200        11         7         -28.8       -36     -21.6        32.5        30          35          -1       2.54951
    201        12         7         -14.4     -21.6      -7.2        32.5        30          35           0           2.5
    202        13         7   1.42109e-14      -7.2       7.2        32.5        30          35        0.25       1.92029
    203        14         7          14.4       7.2      21.6        32.5        30          35           4       2.78388
    204        15         7          28.8      21.6        36        32.5        30          35           4       3.39116
    205        16         7          43.2        36      50.4        32.5        30          35        1.75       1.82003
    206        17         7          57.6      50.4      64.8        32.5        30          35        0.75       1.03078
    207        18         7            72      64.8      79.2        32.5        30          35           1             1
    208        19         7          86.4      79.2      93.6        32.5        30          35           0             0
    209        20         7         100.8      93.6       108        32.5        30          35           0             0
    210        21         7         115.2       108     122.4        32.5        30          35           0             0
    211        22         7         129.6     122.4     136.8        32.5        30          35           0             0
    212        23         7           144     136.8     151.2        32.5        30          35           0             0
    213        24         7         158.4     151.2     165.6        32.5        30          35           0             0
    214        25         7         172.8     165.6       180        32.5        30          35           0             0
    217         1         8        -172.8      -180    -165.6        37.5        35          40           0             0
    218         2         8        -158.4    -165.6    -151.2        37.5        35          40           0             0
    219         3         8          -144    -151.2    -136.8        37.5        35          40           0             0
    220         4         8        -129.6    -136.8    -122.4        37.5        35          40           0             0
    221         5         8        -115.2    -122.4      -108        37.5        35          40           0             0
    222         6         8        -100.8      -108     -93.6        37.5        35          40           0             0
    223         7         8         -86.4     -93.6     -79.2        37.5        35          40           0             0
    224         8         8           -72     -79.2     -64.8        37.5        35          40           0             0
    225         9         8         -57.6     -64.8     -50.4        37.5        35          40           0             0
    226        10         8         -43.2     -50.4       -36        37.5        35          40           0             0
    227        11         8         -28.8       -36     -21.6        37.5        35          40           1             1
    228        12         8         -14.4     -21.6      -7.2        37.5        35          40       -0.25          0.25
    229        13         8   1.42109e-14      -7.2       7.2        37.5        35          40           0             0
    230        14         8          14.4       7.2      21.6        37.5        35          40        -0.5      0.353553
    231        15         8          28.8      21.6        36        37.5        35          40       -0.25          0.25
    232        16         8          43.2        36      50.4        37.5        35          40       -0.25          0.25
    233        17         8          57.6      50.4      64.8        37.5        35          40           0             0
    234        18         8            72      64.8      79.2        37.5        35          40           1             1
    235        19         8          86.4      79.2      93.6        37.5        35          40           0             0
    236        20         8         100.8      93.6       108        37.5        35          40           0             0
    237        21         8         115.2       108     122.4        37.5        35          40           0             0
    238        22         8         129.6     122.4     136.8        37.5        35          40           0             0
    239        23         8           144     136.8     151.2        37.5        35          40           0             0
    240        24         8         158.4     151.2     165.6        37.5        35          40       -0.25          0.25
    241        25         8         172.8     165.6       180        37.5        35          40           0             0
