# 2D Histogram Bin Extraction 
#                   
# histogram parameters:  
# ybins      = 8   | ylabel: th_xq_CM [deg] 
# xbins      = 25   | xlabel: phi_xq [deg] 
# ybin width = 5.000 
# xbin width = 14.400 
#                   
# header definitions:
# ib:         (x,y)  bin number 
# xb:         x-axis bin number 
# yb:         y-axis bin number 
# x0:         x-axis central bin value 
# xlow:       x-axis low-edge bin value 
# xup:        x-axis up-edge bin value 
# y0:         y-axis central bin value 
# ylow:       y-axis low-edge bin value 
# yup:        y-axis up-edge bin value 
# zcont:      bin content (z-axis) 
# zcont_err:  bin content error (z-axis) 
#                                        
#! ib[i,0]/  xb[i,1]/  yb[i,2]/  x0[f,3]/  xlow[f,4]/  xup[f,5]/  y0[f,6]/  ylow[f,7]/  yup[f,8]/  zcont[f,9]/  zcont_err[f,10]/  
     28         1         1        -172.8      -180    -165.6         2.5         0           5        7.75       2.83945
     29         2         1        -158.4    -165.6    -151.2         2.5         0           5          10       3.16228
     30         3         1          -144    -151.2    -136.8         2.5         0           5       11.75       3.47311
     31         4         1        -129.6    -136.8    -122.4         2.5         0           5       13.75          3.75
     32         5         1        -115.2    -122.4      -108         2.5         0           5       25.75       5.10514
     33         6         1        -100.8      -108     -93.6         2.5         0           5       27.25       5.30919
     34         7         1         -86.4     -93.6     -79.2         2.5         0           5       36.75        6.0879
     35         8         1           -72     -79.2     -64.8         2.5         0           5       50.25       7.15454
     36         9         1         -57.6     -64.8     -50.4         2.5         0           5       63.25       8.08934
     37        10         1         -43.2     -50.4       -36         2.5         0           5       66.25        8.2727
     38        11         1         -28.8       -36     -21.6         2.5         0           5        79.5       9.08983
     39        12         1         -14.4     -21.6      -7.2         2.5         0           5        77.5       8.90926
     40        13         1   1.42109e-14      -7.2       7.2         2.5         0           5       93.75       9.76281
     41        14         1          14.4       7.2      21.6         2.5         0           5        83.5       9.30726
     42        15         1          28.8      21.6        36         2.5         0           5       64.75       8.14325
     43        16         1          43.2        36      50.4         2.5         0           5       52.75        7.3697
     44        17         1          57.6      50.4      64.8         2.5         0           5        60.5       7.81825
     45        18         1            72      64.8      79.2         2.5         0           5          46       6.87386
     46        19         1          86.4      79.2      93.6         2.5         0           5       36.25       6.09816
     47        20         1         100.8      93.6       108         2.5         0           5        24.5       5.01248
     48        21         1         115.2       108     122.4         2.5         0           5       16.25       4.14578
     49        22         1         129.6     122.4     136.8         2.5         0           5          13       3.60555
     50        23         1           144     136.8     151.2         2.5         0           5          14       3.74166
     51        24         1         158.4     151.2     165.6         2.5         0           5        8.75        3.0104
     52        25         1         172.8     165.6       180         2.5         0           5        8.25       3.03109
     55         1         2        -172.8      -180    -165.6         7.5         5          10           0             0
     56         2         2        -158.4    -165.6    -151.2         7.5         5          10           0             0
     57         3         2          -144    -151.2    -136.8         7.5         5          10           3       1.73205
     58         4         2        -129.6    -136.8    -122.4         7.5         5          10           3       1.73205
     59         5         2        -115.2    -122.4      -108         7.5         5          10         9.5       3.18198
     60         6         2        -100.8      -108     -93.6         7.5         5          10       19.25       4.49305
     61         7         2         -86.4     -93.6     -79.2         7.5         5          10          52       7.29726
     62         8         2           -72     -79.2     -64.8         7.5         5          10          98       10.0871
     63         9         2         -57.6     -64.8     -50.4         7.5         5          10      149.75       12.5524
     64        10         2         -43.2     -50.4       -36         7.5         5          10      219.25       15.0893
     65        11         2         -28.8       -36     -21.6         7.5         5          10      319.75       18.3047
     66        12         2         -14.4     -21.6      -7.2         7.5         5          10       343.5       18.9506
     67        13         2   1.42109e-14      -7.2       7.2         7.5         5          10      296.75       17.8413
     68        14         2          14.4       7.2      21.6         7.5         5          10      311.75       18.2226
     69        15         2          28.8      21.6        36         7.5         5          10       236.5        15.839
     70        16         2          43.2        36      50.4         7.5         5          10       193.5       14.2872
     71        17         2          57.6      50.4      64.8         7.5         5          10         122       11.2138
     72        18         2            72      64.8      79.2         7.5         5          10       55.75       7.73385
     73        19         2          86.4      79.2      93.6         7.5         5          10       49.25       7.08431
     74        20         2         100.8      93.6       108         7.5         5          10          28        5.2915
     75        21         2         115.2       108     122.4         7.5         5          10           7       2.64575
     76        22         2         129.6     122.4     136.8         7.5         5          10           3       1.73205
     77        23         2           144     136.8     151.2         7.5         5          10       -0.25          0.25
     78        24         2         158.4     151.2     165.6         7.5         5          10           1             1
     79        25         2         172.8     165.6       180         7.5         5          10           1             1
     82         1         3        -172.8      -180    -165.6        12.5        10          15           0             0
     83         2         3        -158.4    -165.6    -151.2        12.5        10          15           1             1
     84         3         3          -144    -151.2    -136.8        12.5        10          15           0             0
     85         4         3        -129.6    -136.8    -122.4        12.5        10          15           0             0
     86         5         3        -115.2    -122.4      -108        12.5        10          15           0             0
     87         6         3        -100.8      -108     -93.6        12.5        10          15        2.75          1.75
     88         7         3         -86.4     -93.6     -79.2        12.5        10          15        22.5       4.80885
     89         8         3           -72     -79.2     -64.8        12.5        10          15        60.5       7.97653
     90         9         3         -57.6     -64.8     -50.4        12.5        10          15       137.5       12.1192
     91        10         3         -43.2     -50.4       -36        12.5        10          15         237        16.109
     92        11         3         -28.8       -36     -21.6        12.5        10          15      313.25       18.4509
     93        12         3         -14.4     -21.6      -7.2        12.5        10          15         339       19.3714
     94        13         3   1.42109e-14      -7.2       7.2        12.5        10          15      349.75       19.8447
     95        14         3          14.4       7.2      21.6        12.5        10          15      307.25       18.5927
     96        15         3          28.8      21.6        36        12.5        10          15       276.5       17.3817
     97        16         3          43.2        36      50.4        12.5        10          15         158       13.3884
     98        17         3          57.6      50.4      64.8        12.5        10          15      121.25       11.2777
     99        18         3            72      64.8      79.2        12.5        10          15       46.75       7.04006
    100        19         3          86.4      79.2      93.6        12.5        10          15       11.75       3.47311
    101        20         3         100.8      93.6       108        12.5        10          15           3       1.73205
    102        21         3         115.2       108     122.4        12.5        10          15           0             0
    103        22         3         129.6     122.4     136.8        12.5        10          15         0.5       1.06066
    104        23         3           144     136.8     151.2        12.5        10          15           0             0
    105        24         3         158.4     151.2     165.6        12.5        10          15           0             0
    106        25         3         172.8     165.6       180        12.5        10          15           0             0
    109         1         4        -172.8      -180    -165.6        17.5        15          20           0             0
    110         2         4        -158.4    -165.6    -151.2        17.5        15          20           0             0
    111         3         4          -144    -151.2    -136.8        17.5        15          20           0             0
    112         4         4        -129.6    -136.8    -122.4        17.5        15          20           2       1.41421
    113         5         4        -115.2    -122.4      -108        17.5        15          20           0             0
    114         6         4        -100.8      -108     -93.6        17.5        15          20           0             0
    115         7         4         -86.4     -93.6     -79.2        17.5        15          20        1.75       1.43614
    116         8         4           -72     -79.2     -64.8        17.5        15          20       15.75       4.30842
    117         9         4         -57.6     -64.8     -50.4        17.5        15          20          94       10.1366
    118        10         4         -43.2     -50.4       -36        17.5        15          20       164.5       13.8338
    119        11         4         -28.8       -36     -21.6        17.5        15          20      183.25        14.805
    120        12         4         -14.4     -21.6      -7.2        17.5        15          20      179.25       15.0893
    121        13         4   1.42109e-14      -7.2       7.2        17.5        15          20       208.5       16.3669
    122        14         4          14.4       7.2      21.6        17.5        15          20      174.75       14.8766
    123        15         4          28.8      21.6        36        17.5        15          20         168       14.4655
    124        16         4          43.2        36      50.4        17.5        15          20      100.25       10.8369
    125        17         4          57.6      50.4      64.8        17.5        15          20          46       7.22842
    126        18         4            72      64.8      79.2        17.5        15          20           7       2.87228
    127        19         4          86.4      79.2      93.6        17.5        15          20           3       1.73205
    128        20         4         100.8      93.6       108        17.5        15          20       -0.25          0.25
    129        21         4         115.2       108     122.4        17.5        15          20           0             0
    130        22         4         129.6     122.4     136.8        17.5        15          20           1             1
    131        23         4           144     136.8     151.2        17.5        15          20       -0.25          0.25
    132        24         4         158.4     151.2     165.6        17.5        15          20           0             0
    133        25         4         172.8     165.6       180        17.5        15          20           0             0
    136         1         5        -172.8      -180    -165.6        22.5        20          25           1             1
    137         2         5        -158.4    -165.6    -151.2        22.5        20          25           0             0
    138         3         5          -144    -151.2    -136.8        22.5        20          25           0             0
    139         4         5        -129.6    -136.8    -122.4        22.5        20          25           0             0
    140         5         5        -115.2    -122.4      -108        22.5        20          25           0             0
    141         6         5        -100.8      -108     -93.6        22.5        20          25           1             1
    142         7         5         -86.4     -93.6     -79.2        22.5        20          25           0             0
    143         8         5           -72     -79.2     -64.8        22.5        20          25        -0.5      0.353553
    144         9         5         -57.6     -64.8     -50.4        22.5        20          25       19.25       4.76314
    145        10         5         -43.2     -50.4       -36        22.5        20          25       55.75       8.50368
    146        11         5         -28.8       -36     -21.6        22.5        20          25       62.75       9.90265
    147        12         5         -14.4     -21.6      -7.2        22.5        20          25          84       10.8513
    148        13         5   1.42109e-14      -7.2       7.2        22.5        20          25        86.5       11.1636
    149        14         5          14.4       7.2      21.6        22.5        20          25       66.75       10.6448
    150        15         5          28.8      21.6        36        22.5        20          25       70.75       10.2987
    151        16         5          43.2        36      50.4        22.5        20          25          43       7.61577
    152        17         5          57.6      50.4      64.8        22.5        20          25           9       3.39116
    153        18         5            72      64.8      79.2        22.5        20          25           0             0
    154        19         5          86.4      79.2      93.6        22.5        20          25           0             0
    155        20         5         100.8      93.6       108        22.5        20          25       -0.25          0.25
    156        21         5         115.2       108     122.4        22.5        20          25           0             0
    157        22         5         129.6     122.4     136.8        22.5        20          25           0             0
    158        23         5           144     136.8     151.2        22.5        20          25           0             0
    159        24         5         158.4     151.2     165.6        22.5        20          25           0             0
    160        25         5         172.8     165.6       180        22.5        20          25           0             0
    163         1         6        -172.8      -180    -165.6        27.5        25          30           0             0
    164         2         6        -158.4    -165.6    -151.2        27.5        25          30           0             0
    165         3         6          -144    -151.2    -136.8        27.5        25          30           0             0
    166         4         6        -129.6    -136.8    -122.4        27.5        25          30           0             0
    167         5         6        -115.2    -122.4      -108        27.5        25          30           0             0
    168         6         6        -100.8      -108     -93.6        27.5        25          30           0             0
    169         7         6         -86.4     -93.6     -79.2        27.5        25          30       -0.25          0.25
    170         8         6           -72     -79.2     -64.8        27.5        25          30           0             0
    171         9         6         -57.6     -64.8     -50.4        27.5        25          30        -0.5      0.353553
    172        10         6         -43.2     -50.4       -36        27.5        25          30        8.25       4.08503
    173        11         6         -28.8       -36     -21.6        27.5        25          30         6.5       5.32682
    174        12         6         -14.4     -21.6      -7.2        27.5        25          30          14         6.245
    175        13         6   1.42109e-14      -7.2       7.2        27.5        25          30        18.5       6.15427
    176        14         6          14.4       7.2      21.6        27.5        25          30       15.25       6.21993
    177        15         6          28.8      21.6        36        27.5        25          30        21.5       6.86477
    178        16         6          43.2        36      50.4        27.5        25          30           8       4.24264
    179        17         6          57.6      50.4      64.8        27.5        25          30        0.75       1.03078
    180        18         6            72      64.8      79.2        27.5        25          30           0             0
    181        19         6          86.4      79.2      93.6        27.5        25          30       -0.25          0.25
    182        20         6         100.8      93.6       108        27.5        25          30           0             0
    183        21         6         115.2       108     122.4        27.5        25          30       -0.25          0.25
    184        22         6         129.6     122.4     136.8        27.5        25          30           0             0
    185        23         6           144     136.8     151.2        27.5        25          30           0             0
    186        24         6         158.4     151.2     165.6        27.5        25          30           0             0
    187        25         6         172.8     165.6       180        27.5        25          30           0             0
    190         1         7        -172.8      -180    -165.6        32.5        30          35           0             0
    191         2         7        -158.4    -165.6    -151.2        32.5        30          35           0             0
    192         3         7          -144    -151.2    -136.8        32.5        30          35           0             0
    193         4         7        -129.6    -136.8    -122.4        32.5        30          35           0             0
    194         5         7        -115.2    -122.4      -108        32.5        30          35           0             0
    195         6         7        -100.8      -108     -93.6        32.5        30          35           0             0
    196         7         7         -86.4     -93.6     -79.2        32.5        30          35           0             0
    197         8         7           -72     -79.2     -64.8        32.5        30          35           0             0
    198         9         7         -57.6     -64.8     -50.4        32.5        30          35           0             0
    199        10         7         -43.2     -50.4       -36        32.5        30          35        0.75       1.03078
    200        11         7         -28.8       -36     -21.6        32.5        30          35        2.75       3.05164
    201        12         7         -14.4     -21.6      -7.2        32.5        30          35        3.25       2.58602
    202        13         7   1.42109e-14      -7.2       7.2        32.5        30          35         0.5       1.90394
    203        14         7          14.4       7.2      21.6        32.5        30          35        0.75       2.46221
    204        15         7          28.8      21.6        36        32.5        30          35         4.5       3.37268
    205        16         7          43.2        36      50.4        32.5        30          35         0.5        1.5411
    206        17         7          57.6      50.4      64.8        32.5        30          35           0             0
    207        18         7            72      64.8      79.2        32.5        30          35           0             0
    208        19         7          86.4      79.2      93.6        32.5        30          35           0             0
    209        20         7         100.8      93.6       108        32.5        30          35           0             0
    210        21         7         115.2       108     122.4        32.5        30          35           0             0
    211        22         7         129.6     122.4     136.8        32.5        30          35           0             0
    212        23         7           144     136.8     151.2        32.5        30          35           0             0
    213        24         7         158.4     151.2     165.6        32.5        30          35           0             0
    214        25         7         172.8     165.6       180        32.5        30          35           0             0
    217         1         8        -172.8      -180    -165.6        37.5        35          40           0             0
    218         2         8        -158.4    -165.6    -151.2        37.5        35          40           0             0
    219         3         8          -144    -151.2    -136.8        37.5        35          40           0             0
    220         4         8        -129.6    -136.8    -122.4        37.5        35          40           0             0
    221         5         8        -115.2    -122.4      -108        37.5        35          40           0             0
    222         6         8        -100.8      -108     -93.6        37.5        35          40           0             0
    223         7         8         -86.4     -93.6     -79.2        37.5        35          40           0             0
    224         8         8           -72     -79.2     -64.8        37.5        35          40           0             0
    225         9         8         -57.6     -64.8     -50.4        37.5        35          40           0             0
    226        10         8         -43.2     -50.4       -36        37.5        35          40           0             0
    227        11         8         -28.8       -36     -21.6        37.5        35          40        2.75          1.75
    228        12         8         -14.4     -21.6      -7.2        37.5        35          40       -0.25          0.25
    229        13         8   1.42109e-14      -7.2       7.2        37.5        35          40           0             0
    230        14         8          14.4       7.2      21.6        37.5        35          40       -0.25          0.25
    231        15         8          28.8      21.6        36        37.5        35          40        0.25       1.08972
    232        16         8          43.2        36      50.4        37.5        35          40        0.75       1.03078
    233        17         8          57.6      50.4      64.8        37.5        35          40           0             0
    234        18         8            72      64.8      79.2        37.5        35          40           0             0
    235        19         8          86.4      79.2      93.6        37.5        35          40           0             0
    236        20         8         100.8      93.6       108        37.5        35          40           0             0
    237        21         8         115.2       108     122.4        37.5        35          40           0             0
    238        22         8         129.6     122.4     136.8        37.5        35          40           0             0
    239        23         8           144     136.8     151.2        37.5        35          40           0             0
    240        24         8         158.4     151.2     165.6        37.5        35          40           0             0
    241        25         8         172.8     165.6       180        37.5        35          40           0             0
