# 2D Histogram Bin Extraction 
#                   
# histogram parameters:  
# ybins      = 8   | ylabel: th_xq_CM [deg] 
# xbins      = 25   | xlabel: phi_xq [deg] 
# ybin width = 5.000 
# xbin width = 14.400 
#                   
# header definitions:
# ib:         (x,y)  bin number 
# xb:         x-axis bin number 
# yb:         y-axis bin number 
# x0:         x-axis central bin value 
# xlow:       x-axis low-edge bin value 
# xup:        x-axis up-edge bin value 
# y0:         y-axis central bin value 
# ylow:       y-axis low-edge bin value 
# yup:        y-axis up-edge bin value 
# zcont:      bin content (z-axis) 
# zcont_err:  bin content error (z-axis) 
#                                        
#! ib[i,0]/  xb[i,1]/  yb[i,2]/  x0[f,3]/  xlow[f,4]/  xup[f,5]/  y0[f,6]/  ylow[f,7]/  yup[f,8]/  zcont[f,9]/  zcont_err[f,10]/  
     28         1         1        -172.8      -180    -165.6         2.5         0           5       38.25       6.25999
     29         2         1        -158.4    -165.6    -151.2         2.5         0           5        32.5       5.75543
     30         3         1          -144    -151.2    -136.8         2.5         0           5          35        6.0208
     31         4         1        -129.6    -136.8    -122.4         2.5         0           5        23.5       4.91172
     32         5         1        -115.2    -122.4      -108         2.5         0           5          25       5.12348
     33         6         1        -100.8      -108     -93.6         2.5         0           5       21.75       4.69707
     34         7         1         -86.4     -93.6     -79.2         2.5         0           5        17.5       4.25735
     35         8         1           -72     -79.2     -64.8         2.5         0           5       16.75       4.13068
     36         9         1         -57.6     -64.8     -50.4         2.5         0           5       11.75       3.47311
     37        10         1         -43.2     -50.4       -36         2.5         0           5          14       3.90512
     38        11         1         -28.8       -36     -21.6         2.5         0           5          11           3.5
     39        12         1         -14.4     -21.6      -7.2         2.5         0           5       13.75          3.75
     40        13         1   1.42109e-14      -7.2       7.2         2.5         0           5          10       3.16228
     41        14         1          14.4       7.2      21.6         2.5         0           5          20       4.47214
     42        15         1          28.8      21.6        36         2.5         0           5          18       4.24264
     43        16         1          43.2        36      50.4         2.5         0           5       12.75       3.61421
     44        17         1          57.6      50.4      64.8         2.5         0           5       18.75       4.36606
     45        18         1            72      64.8      79.2         2.5         0           5       18.25       4.38035
     46        19         1          86.4      79.2      93.6         2.5         0           5       18.75       4.50694
     47        20         1         100.8      93.6       108         2.5         0           5       27.25       5.30919
     48        21         1         115.2       108     122.4         2.5         0           5       17.75          4.25
     49        22         1         129.6     122.4     136.8         2.5         0           5        31.5       5.66789
     50        23         1           144     136.8     151.2         2.5         0           5        39.5       6.33443
     51        24         1         158.4     151.2     165.6         2.5         0           5          29           5.5
     52        25         1         172.8     165.6       180         2.5         0           5          36             6
     55         1         2        -172.8      -180    -165.6         7.5         5          10      144.75       12.1989
     56         2         2        -158.4    -165.6    -151.2         7.5         5          10         145       12.1963
     57         3         2          -144    -151.2    -136.8         7.5         5          10      130.25       11.5623
     58         4         2        -129.6    -136.8    -122.4         7.5         5          10       119.5       11.0736
     59         5         2        -115.2    -122.4      -108         7.5         5          10        97.5        9.9687
     60         6         2        -100.8      -108     -93.6         7.5         5          10          92        9.6566
     61         7         2         -86.4     -93.6     -79.2         7.5         5          10          53       7.36546
     62         8         2           -72     -79.2     -64.8         7.5         5          10       46.25       6.95971
     63         9         2         -57.6     -64.8     -50.4         7.5         5          10       34.75       6.02599
     64        10         2         -43.2     -50.4       -36         7.5         5          10       37.75       6.16948
     65        11         2         -28.8       -36     -21.6         7.5         5          10       29.75       5.48293
     66        12         2         -14.4     -21.6      -7.2         7.5         5          10       18.75       4.36606
     67        13         2   1.42109e-14      -7.2       7.2         7.5         5          10          18       4.24264
     68        14         2          14.4       7.2      21.6         7.5         5          10       28.75       5.39096
     69        15         2          28.8      21.6        36         7.5         5          10        27.5        5.3033
     70        16         2          43.2        36      50.4         7.5         5          10        35.5       6.01041
     71        17         2          57.6      50.4      64.8         7.5         5          10          30       5.59017
     72        18         2            72      64.8      79.2         7.5         5          10       67.25       8.33292
     73        19         2          86.4      79.2      93.6         7.5         5          10          74       8.67468
     74        20         2         100.8      93.6       108         7.5         5          10         102       10.2225
     75        21         2         115.2       108     122.4         7.5         5          10         126       11.3908
     76        22         2         129.6     122.4     136.8         7.5         5          10      122.25       11.2667
     77        23         2           144     136.8     151.2         7.5         5          10         124       11.3027
     78        24         2         158.4     151.2     165.6         7.5         5          10      157.75       12.7206
     79        25         2         172.8     165.6       180         7.5         5          10      161.75       12.8768
     82         1         3        -172.8      -180    -165.6        12.5        10          15       301.5       17.5962
     83         2         3        -158.4    -165.6    -151.2        12.5        10          15         278       16.8597
     84         3         3          -144    -151.2    -136.8        12.5        10          15         257       16.1478
     85         4         3        -129.6    -136.8    -122.4        12.5        10          15         239       15.5804
     86         5         3        -115.2    -122.4      -108        12.5        10          15      194.75       14.2324
     87         6         3        -100.8      -108     -93.6        12.5        10          15         148       12.2678
     88         7         3         -86.4     -93.6     -79.2        12.5        10          15      100.25       10.1827
     89         8         3           -72     -79.2     -64.8        12.5        10          15        64.5       8.14709
     90         9         3         -57.6     -64.8     -50.4        12.5        10          15        47.5       6.93722
     91        10         3         -43.2     -50.4       -36        12.5        10          15       25.75       5.10514
     92        11         3         -28.8       -36     -21.6        12.5        10          15        29.5       5.48862
     93        12         3         -14.4     -21.6      -7.2        12.5        10          15          12        3.4641
     94        13         3   1.42109e-14      -7.2       7.2        12.5        10          15          11       3.31662
     95        14         3          14.4       7.2      21.6        12.5        10          15       21.75       4.69707
     96        15         3          28.8      21.6        36        12.5        10          15       22.25       4.81534
     97        16         3          43.2        36      50.4        12.5        10          15       29.75       5.48293
     98        17         3          57.6      50.4      64.8        12.5        10          15       43.25       6.74073
     99        18         3            72      64.8      79.2        12.5        10          15        83.5       9.23986
    100        19         3          86.4      79.2      93.6        12.5        10          15      121.25       11.1664
    101        20         3         100.8      93.6       108        12.5        10          15       141.5       12.0779
    102        21         3         115.2       108     122.4        12.5        10          15         211       14.6969
    103        22         3         129.6     122.4     136.8        12.5        10          15         250       15.9687
    104        23         3           144     136.8     151.2        12.5        10          15       259.5        16.321
    105        24         3         158.4     151.2     165.6        12.5        10          15      288.75        17.221
    106        25         3         172.8     165.6       180        12.5        10          15      281.25       16.9834
    109         1         4        -172.8      -180    -165.6        17.5        15          20       386.5       19.9593
    110         2         4        -158.4    -165.6    -151.2        17.5        15          20       409.5        20.497
    111         3         4          -144    -151.2    -136.8        17.5        15          20      370.75       19.4567
    112         4         4        -129.6    -136.8    -122.4        17.5        15          20      309.75       17.7852
    113         5         4        -115.2    -122.4      -108        17.5        15          20      261.75       16.4184
    114         6         4        -100.8      -108     -93.6        17.5        15          20       196.5       14.2171
    115         7         4         -86.4     -93.6     -79.2        17.5        15          20         131       11.6082
    116         8         4           -72     -79.2     -64.8        17.5        15          20          87       9.46044
    117         9         4         -57.6     -64.8     -50.4        17.5        15          20        42.5       6.56696
    118        10         4         -43.2     -50.4       -36        17.5        15          20       21.75       4.69707
    119        11         4         -28.8       -36     -21.6        17.5        15          20        9.75       3.17214
    120        12         4         -14.4     -21.6      -7.2        17.5        15          20           3       1.73205
    121        13         4   1.42109e-14      -7.2       7.2        17.5        15          20           4             2
    122        14         4          14.4       7.2      21.6        17.5        15          20           3       1.73205
    123        15         4          28.8      21.6        36        17.5        15          20           6       2.69258
    124        16         4          43.2        36      50.4        17.5        15          20        14.5       3.88909
    125        17         4          57.6      50.4      64.8        17.5        15          20        54.5       7.50833
    126        18         4            72      64.8      79.2        17.5        15          20        88.5       9.50658
    127        19         4          86.4      79.2      93.6        17.5        15          20       121.5       11.2194
    128        20         4         100.8      93.6       108        17.5        15          20      192.75       14.0735
    129        21         4         115.2       108     122.4        17.5        15          20         269       16.7033
    130        22         4         129.6     122.4     136.8        17.5        15          20      330.75        18.434
    131        23         4           144     136.8     151.2        17.5        15          20       367.5       19.4454
    132        24         4         158.4     151.2     165.6        17.5        15          20      339.25       18.7133
    133        25         4         172.8     165.6       180        17.5        15          20         390            20
    136         1         5        -172.8      -180    -165.6        22.5        20          25      347.75       19.0542
    137         2         5        -158.4    -165.6    -151.2        22.5        20          25       371.5        19.548
    138         3         5          -144    -151.2    -136.8        22.5        20          25      354.75       19.1393
    139         4         5        -129.6    -136.8    -122.4        22.5        20          25         341       18.7683
    140         5         5        -115.2    -122.4      -108        22.5        20          25      295.25       17.4625
    141         6         5        -100.8      -108     -93.6        22.5        20          25      182.25       13.7181
    142         7         5         -86.4     -93.6     -79.2        22.5        20          25       116.5       11.1074
    143         8         5           -72     -79.2     -64.8        22.5        20          25          74       8.74643
    144         9         5         -57.6     -64.8     -50.4        22.5        20          25        22.5        4.9371
    145        10         5         -43.2     -50.4       -36        22.5        20          25           9             3
    146        11         5         -28.8       -36     -21.6        22.5        20          25           2       1.41421
    147        12         5         -14.4     -21.6      -7.2        22.5        20          25           0             0
    148        13         5   1.42109e-14      -7.2       7.2        22.5        20          25           1             1
    149        14         5          14.4       7.2      21.6        22.5        20          25           0             0
    150        15         5          28.8      21.6        36        22.5        20          25           1             1
    151        16         5          43.2        36      50.4        22.5        20          25         5.5       2.47487
    152        17         5          57.6      50.4      64.8        22.5        20          25        29.5       5.60134
    153        18         5            72      64.8      79.2        22.5        20          25       101.5       10.2286
    154        19         5          86.4      79.2      93.6        22.5        20          25       147.5       12.2219
    155        20         5         100.8      93.6       108        22.5        20          25       190.5       14.0934
    156        21         5         115.2       108     122.4        22.5        20          25      287.75       17.2282
    157        22         5         129.6     122.4     136.8        22.5        20          25         336       18.6682
    158        23         5           144     136.8     151.2        22.5        20          25       378.5       19.7895
    159        24         5         158.4     151.2     165.6        22.5        20          25       370.5       19.5544
    160        25         5         172.8     165.6       180        22.5        20          25      383.75        19.851
    163         1         6        -172.8      -180    -165.6        27.5        25          30      219.25       15.0478
    164         2         6        -158.4    -165.6    -151.2        27.5        25          30      252.25       16.1845
    165         3         6          -144    -151.2    -136.8        27.5        25          30      284.25       17.1081
    166         4         6        -129.6    -136.8    -122.4        27.5        25          30       294.5       17.5036
    167         5         6        -115.2    -122.4      -108        27.5        25          30      280.25       17.0276
    168         6         6        -100.8      -108     -93.6        27.5        25          30      158.75       12.8087
    169         7         6         -86.4     -93.6     -79.2        27.5        25          30          80       9.21954
    170         8         6           -72     -79.2     -64.8        27.5        25          30       56.25       7.72577
    171         9         6         -57.6     -64.8     -50.4        27.5        25          30        16.5       4.13824
    172        10         6         -43.2     -50.4       -36        27.5        25          30           3       1.73205
    173        11         6         -28.8       -36     -21.6        27.5        25          30       -0.25          0.25
    174        12         6         -14.4     -21.6      -7.2        27.5        25          30           0             0
    175        13         6   1.42109e-14      -7.2       7.2        27.5        25          30           0             0
    176        14         6          14.4       7.2      21.6        27.5        25          30           0             0
    177        15         6          28.8      21.6        36        27.5        25          30           0             0
    178        16         6          43.2        36      50.4        27.5        25          30           1             1
    179        17         6          57.6      50.4      64.8        27.5        25          30        17.5       4.25735
    180        18         6            72      64.8      79.2        27.5        25          30       54.25       7.51249
    181        19         6          86.4      79.2      93.6        27.5        25          30       104.5        10.494
    182        20         6         100.8      93.6       108        27.5        25          30      144.75         12.25
    183        21         6         115.2       108     122.4        27.5        25          30         188       14.0268
    184        22         6         129.6     122.4     136.8        27.5        25          30         251       16.1168
    185        23         6           144     136.8     151.2        27.5        25          30      267.75       16.6001
    186        24         6         158.4     151.2     165.6        27.5        25          30      225.25       15.2459
    187        25         6         172.8     165.6       180        27.5        25          30         230        15.411
    190         1         7        -172.8      -180    -165.6        32.5        30          35          55       7.58288
    191         2         7        -158.4    -165.6    -151.2        32.5        30          35       62.25       8.10478
    192         3         7          -144    -151.2    -136.8        32.5        30          35         140       12.0416
    193         4         7        -129.6    -136.8    -122.4        32.5        30          35       183.5       13.7976
    194         5         7        -115.2    -122.4      -108        32.5        30          35         166       12.9808
    195         6         7        -100.8      -108     -93.6        32.5        30          35         100        10.247
    196         7         7         -86.4     -93.6     -79.2        32.5        30          35       56.25       7.64444
    197         8         7           -72     -79.2     -64.8        32.5        30          35       24.25       5.01871
    198         9         7         -57.6     -64.8     -50.4        32.5        30          35        3.75       2.01556
    199        10         7         -43.2     -50.4       -36        32.5        30          35           0             0
    200        11         7         -28.8       -36     -21.6        32.5        30          35       -0.25          0.25
    201        12         7         -14.4     -21.6      -7.2        32.5        30          35           0             0
    202        13         7   1.42109e-14      -7.2       7.2        32.5        30          35           0             0
    203        14         7          14.4       7.2      21.6        32.5        30          35           0             0
    204        15         7          28.8      21.6        36        32.5        30          35           0             0
    205        16         7          43.2        36      50.4        32.5        30          35           2       1.41421
    206        17         7          57.6      50.4      64.8        32.5        30          35        5.25       2.48747
    207        18         7            72      64.8      79.2        32.5        30          35       28.75       5.39096
    208        19         7          86.4      79.2      93.6        32.5        30          35       54.75       7.50417
    209        20         7         100.8      93.6       108        32.5        30          35       82.75          9.25
    210        21         7         115.2       108     122.4        32.5        30          35      115.75       10.9459
    211        22         7         129.6     122.4     136.8        32.5        30          35         118       11.0905
    212        23         7           144     136.8     151.2        32.5        30          35         121       11.1692
    213        24         7         158.4     151.2     165.6        32.5        30          35        75.5       8.79631
    214        25         7         172.8     165.6       180        32.5        30          35          56       7.64853
    217         1         8        -172.8      -180    -165.6        37.5        35          40           2       1.41421
    218         2         8        -158.4    -165.6    -151.2        37.5        35          40        2.75          1.75
    219         3         8          -144    -151.2    -136.8        37.5        35          40        17.5       4.25735
    220         4         8        -129.6    -136.8    -122.4        37.5        35          40        45.5       6.88295
    221         5         8        -115.2    -122.4      -108        37.5        35          40        65.5       8.28402
    222         6         8        -100.8      -108     -93.6        37.5        35          40          32       5.76628
    223         7         8         -86.4     -93.6     -79.2        37.5        35          40       11.25       3.49106
    224         8         8           -72     -79.2     -64.8        37.5        35          40        5.75       2.46221
    225         9         8         -57.6     -64.8     -50.4        37.5        35          40           1             1
    226        10         8         -43.2     -50.4       -36        37.5        35          40           0             0
    227        11         8         -28.8       -36     -21.6        37.5        35          40           0             0
    228        12         8         -14.4     -21.6      -7.2        37.5        35          40           0             0
    229        13         8   1.42109e-14      -7.2       7.2        37.5        35          40           0             0
    230        14         8          14.4       7.2      21.6        37.5        35          40           0             0
    231        15         8          28.8      21.6        36        37.5        35          40           0             0
    232        16         8          43.2        36      50.4        37.5        35          40           0             0
    233        17         8          57.6      50.4      64.8        37.5        35          40           0             0
    234        18         8            72      64.8      79.2        37.5        35          40        6.75       2.65754
    235        19         8          86.4      79.2      93.6        37.5        35          40       17.75          4.25
    236        20         8         100.8      93.6       108        37.5        35          40       17.25       4.26468
    237        21         8         115.2       108     122.4        37.5        35          40        36.5       6.19476
    238        22         8         129.6     122.4     136.8        37.5        35          40       32.25       5.86835
    239        23         8           144     136.8     151.2        37.5        35          40       22.25       4.81534
    240        24         8         158.4     151.2     165.6        37.5        35          40         9.5       3.18198
    241        25         8         172.8     165.6       180        37.5        35          40         7.5       2.85044
