# 2D Histogram Bin Extraction 
#                   
# histogram parameters:  
# ybins      = 8   | ylabel: th_xq_CM [deg] 
# xbins      = 25   | xlabel: phi_xq [deg] 
# ybin width = 5.000 
# xbin width = 14.400 
#                   
# header definitions:
# ib:         (x,y)  bin number 
# xb:         x-axis bin number 
# yb:         y-axis bin number 
# x0:         x-axis central bin value 
# xlow:       x-axis low-edge bin value 
# xup:        x-axis up-edge bin value 
# y0:         y-axis central bin value 
# ylow:       y-axis low-edge bin value 
# yup:        y-axis up-edge bin value 
# zcont:      bin content (z-axis) 
# zcont_err:  bin content error (z-axis) 
#                                        
#! ib[i,0]/  xb[i,1]/  yb[i,2]/  x0[f,3]/  xlow[f,4]/  xup[f,5]/  y0[f,6]/  ylow[f,7]/  yup[f,8]/  zcont[f,9]/  zcont_err[f,10]/  
     28         1         1        -172.8      -180    -165.6         2.5         0           5        25.5       5.35023
     29         2         1        -158.4    -165.6    -151.2         2.5         0           5       18.25       4.65698
     30         3         1          -144    -151.2    -136.8         2.5         0           5          24       5.14782
     31         4         1        -129.6    -136.8    -122.4         2.5         0           5       31.25        5.6734
     32         5         1        -115.2    -122.4      -108         2.5         0           5       29.25        5.7173
     33         6         1        -100.8      -108     -93.6         2.5         0           5       21.25       5.21416
     34         7         1         -86.4     -93.6     -79.2         2.5         0           5          32       5.87367
     35         8         1           -72     -79.2     -64.8         2.5         0           5       19.75       4.87981
     36         9         1         -57.6     -64.8     -50.4         2.5         0           5       21.25       4.96865
     37        10         1         -43.2     -50.4       -36         2.5         0           5          21       5.22015
     38        11         1         -28.8       -36     -21.6         2.5         0           5       16.75       4.42295
     39        12         1         -14.4     -21.6      -7.2         2.5         0           5       19.25       4.76314
     40        13         1   1.42109e-14      -7.2       7.2         2.5         0           5          16       4.58258
     41        14         1          14.4       7.2      21.6         2.5         0           5        18.5       4.65027
     42        15         1          28.8      21.6        36         2.5         0           5       21.25       4.96865
     43        16         1          43.2        36      50.4         2.5         0           5       27.25       5.53963
     44        17         1          57.6      50.4      64.8         2.5         0           5       18.75       4.64354
     45        18         1            72      64.8      79.2         2.5         0           5       23.25       5.16599
     46        19         1          86.4      79.2      93.6         2.5         0           5        28.5       5.73367
     47        20         1         100.8      93.6       108         2.5         0           5       21.75        5.0806
     48        21         1         115.2       108     122.4         2.5         0           5       28.75       5.72822
     49        22         1         129.6     122.4     136.8         2.5         0           5        25.5       5.23211
     50        23         1           144     136.8     151.2         2.5         0           5       25.25       5.35607
     51        24         1         158.4     151.2     165.6         2.5         0           5       24.75       5.12957
     52        25         1         172.8     165.6       180         2.5         0           5       32.75       5.96343
     55         1         2        -172.8      -180    -165.6         7.5         5          10        31.5       6.09303
     56         2         2        -158.4    -165.6    -151.2         7.5         5          10        49.5       7.42462
     57         3         2          -144    -151.2    -136.8         7.5         5          10          53       7.53326
     58         4         2        -129.6    -136.8    -122.4         7.5         5          10       52.75       7.61988
     59         5         2        -115.2    -122.4      -108         7.5         5          10       67.75       8.54766
     60         6         2        -100.8      -108     -93.6         7.5         5          10        62.5       8.32917
     61         7         2         -86.4     -93.6     -79.2         7.5         5          10        68.5       8.89522
     62         8         2           -72     -79.2     -64.8         7.5         5          10          81       9.47365
     63         9         2         -57.6     -64.8     -50.4         7.5         5          10       67.25       8.69986
     64        10         2         -43.2     -50.4       -36         7.5         5          10          49       7.76209
     65        11         2         -28.8       -36     -21.6         7.5         5          10       36.25       6.86932
     66        12         2         -14.4     -21.6      -7.2         7.5         5          10       45.75       7.40355
     67        13         2   1.42109e-14      -7.2       7.2         7.5         5          10        47.5       7.37394
     68        14         2          14.4       7.2      21.6         7.5         5          10       42.25       7.11952
     69        15         2          28.8      21.6        36         7.5         5          10       46.25        7.3951
     70        16         2          43.2        36      50.4         7.5         5          10        51.5       7.96084
     71        17         2          57.6      50.4      64.8         7.5         5          10          64       8.30662
     72        18         2            72      64.8      79.2         7.5         5          10       66.25       8.49632
     73        19         2          86.4      79.2      93.6         7.5         5          10       68.25       8.68548
     74        20         2         100.8      93.6       108         7.5         5          10          66           8.5
     75        21         2         115.2       108     122.4         7.5         5          10        42.5       7.02673
     76        22         2         129.6     122.4     136.8         7.5         5          10          45       7.07107
     77        23         2           144     136.8     151.2         7.5         5          10        32.5       6.07248
     78        24         2         158.4     151.2     165.6         7.5         5          10       46.25       7.13705
     79        25         2         172.8     165.6       180         7.5         5          10          48       7.19375
     82         1         3        -172.8      -180    -165.6        12.5        10          15          24       5.02494
     83         2         3        -158.4    -165.6    -151.2        12.5        10          15       14.75       4.03887
     84         3         3          -144    -151.2    -136.8        12.5        10          15        26.5       5.44289
     85         4         3        -129.6    -136.8    -122.4        12.5        10          15       41.75       6.86021
     86         5         3        -115.2    -122.4      -108        12.5        10          15        38.5        6.5479
     87         6         3        -100.8      -108     -93.6        12.5        10          15          46       7.31437
     88         7         3         -86.4     -93.6     -79.2        12.5        10          15       65.25       8.79986
     89         8         3           -72     -79.2     -64.8        12.5        10          15       59.25       8.30286
     90         9         3         -57.6     -64.8     -50.4        12.5        10          15          38       6.74537
     91        10         3         -43.2     -50.4       -36        12.5        10          15       38.75       6.54313
     92        11         3         -28.8       -36     -21.6        12.5        10          15       25.75       5.68441
     93        12         3         -14.4     -21.6      -7.2        12.5        10          15       33.25       6.35905
     94        13         3   1.42109e-14      -7.2       7.2        12.5        10          15       28.75       5.72822
     95        14         3          14.4       7.2      21.6        12.5        10          15        26.5       5.66789
     96        15         3          28.8      21.6        36        12.5        10          15          39       6.72681
     97        16         3          43.2        36      50.4        12.5        10          15       43.75       7.09313
     98        17         3          57.6      50.4      64.8        12.5        10          15       62.75       8.47423
     99        18         3            72      64.8      79.2        12.5        10          15       58.75       8.23483
    100        19         3          86.4      79.2      93.6        12.5        10          15          56       7.81025
    101        20         3         100.8      93.6       108        12.5        10          15          45       7.24569
    102        21         3         115.2       108     122.4        12.5        10          15       38.25       6.64737
    103        22         3         129.6     122.4     136.8        12.5        10          15       37.75       6.36887
    104        23         3           144     136.8     151.2        12.5        10          15       32.75       5.96343
    105        24         3         158.4     151.2     165.6        12.5        10          15       17.75       4.53459
    106        25         3         172.8     165.6       180        12.5        10          15        20.5       4.59619
    109         1         4        -172.8      -180    -165.6        17.5        15          20           0       1.11803
    110         2         4        -158.4    -165.6    -151.2        17.5        15          20           4             2
    111         3         4          -144    -151.2    -136.8        17.5        15          20        0.25       1.08972
    112         4         4        -129.6    -136.8    -122.4        17.5        15          20          13       3.77492
    113         5         4        -115.2    -122.4      -108        17.5        15          20       19.75       4.61655
    114         6         4        -100.8      -108     -93.6        17.5        15          20       24.25       5.26189
    115         7         4         -86.4     -93.6     -79.2        17.5        15          20       30.75       6.00521
    116         8         4           -72     -79.2     -64.8        17.5        15          20       30.25       6.21993
    117         9         4         -57.6     -64.8     -50.4        17.5        15          20          22       4.94975
    118        10         4         -43.2     -50.4       -36        17.5        15          20       16.75       4.27931
    119        11         4         -28.8       -36     -21.6        17.5        15          20       10.25       3.52668
    120        12         4         -14.4     -21.6      -7.2        17.5        15          20           6       2.69258
    121        13         4   1.42109e-14      -7.2       7.2        17.5        15          20           2       1.80278
    122        14         4          14.4       7.2      21.6        17.5        15          20           7       2.87228
    123        15         4          28.8      21.6        36        17.5        15          20        4.75          2.75
    124        16         4          43.2        36      50.4        17.5        15          20          16        4.4441
    125        17         4          57.6      50.4      64.8        17.5        15          20          28       5.52268
    126        18         4            72      64.8      79.2        17.5        15          20       39.25       6.62854
    127        19         4          86.4      79.2      93.6        17.5        15          20       29.25        5.7173
    128        20         4         100.8      93.6       108        17.5        15          20        27.5       5.41987
    129        21         4         115.2       108     122.4        17.5        15          20       13.75       3.91312
    130        22         4         129.6     122.4     136.8        17.5        15          20         5.5       2.47487
    131        23         4           144     136.8     151.2        17.5        15          20        4.75          2.25
    132        24         4         158.4     151.2     165.6        17.5        15          20        1.75       1.43614
    133        25         4         172.8     165.6       180        17.5        15          20           2       1.41421
    136         1         5        -172.8      -180    -165.6        22.5        20          25           0             0
    137         2         5        -158.4    -165.6    -151.2        22.5        20          25        2.75          1.75
    138         3         5          -144    -151.2    -136.8        22.5        20          25        -0.5      0.353553
    139         4         5        -129.6    -136.8    -122.4        22.5        20          25        0.75       1.03078
    140         5         5        -115.2    -122.4      -108        22.5        20          25        1.75       1.43614
    141         6         5        -100.8      -108     -93.6        22.5        20          25           3       1.73205
    142         7         5         -86.4     -93.6     -79.2        22.5        20          25        6.25       2.68095
    143         8         5           -72     -79.2     -64.8        22.5        20          25           5       2.73861
    144         9         5         -57.6     -64.8     -50.4        22.5        20          25        5.25       2.48747
    145        10         5         -43.2     -50.4       -36        22.5        20          25        3.25       2.04634
    146        11         5         -28.8       -36     -21.6        22.5        20          25           2       1.41421
    147        12         5         -14.4     -21.6      -7.2        22.5        20          25       -0.25          0.25
    148        13         5   1.42109e-14      -7.2       7.2        22.5        20          25       -0.25          0.25
    149        14         5          14.4       7.2      21.6        22.5        20          25           0             0
    150        15         5          28.8      21.6        36        22.5        20          25        -0.5      0.353553
    151        16         5          43.2        36      50.4        22.5        20          25       10.25       3.34477
    152        17         5          57.6      50.4      64.8        22.5        20          25        4.75          2.25
    153        18         5            72      64.8      79.2        22.5        20          25        11.5       3.65718
    154        19         5          86.4      79.2      93.6        22.5        20          25        1.25       1.47902
    155        20         5         100.8      93.6       108        22.5        20          25        3.25       2.04634
    156        21         5         115.2       108     122.4        22.5        20          25           1             1
    157        22         5         129.6     122.4     136.8        22.5        20          25           1             1
    158        23         5           144     136.8     151.2        22.5        20          25           0             0
    159        24         5         158.4     151.2     165.6        22.5        20          25           0             0
    160        25         5         172.8     165.6       180        22.5        20          25        0.75       1.03078
    163         1         6        -172.8      -180    -165.6        27.5        25          30           0             0
    164         2         6        -158.4    -165.6    -151.2        27.5        25          30         0.5       1.06066
    165         3         6          -144    -151.2    -136.8        27.5        25          30           0             0
    166         4         6        -129.6    -136.8    -122.4        27.5        25          30        0.25       1.08972
    167         5         6        -115.2    -122.4      -108        27.5        25          30        -0.5      0.353553
    168         6         6        -100.8      -108     -93.6        27.5        25          30        0.75       1.03078
    169         7         6         -86.4     -93.6     -79.2        27.5        25          30           2       1.41421
    170         8         6           -72     -79.2     -64.8        27.5        25          30           0             0
    171         9         6         -57.6     -64.8     -50.4        27.5        25          30           1             1
    172        10         6         -43.2     -50.4       -36        27.5        25          30           1             1
    173        11         6         -28.8       -36     -21.6        27.5        25          30           0             0
    174        12         6         -14.4     -21.6      -7.2        27.5        25          30           0             0
    175        13         6   1.42109e-14      -7.2       7.2        27.5        25          30           0             0
    176        14         6          14.4       7.2      21.6        27.5        25          30           1             1
    177        15         6          28.8      21.6        36        27.5        25          30           0             0
    178        16         6          43.2        36      50.4        27.5        25          30        -0.5      0.353553
    179        17         6          57.6      50.4      64.8        27.5        25          30           3       1.73205
    180        18         6            72      64.8      79.2        27.5        25          30        1.25       1.47902
    181        19         6          86.4      79.2      93.6        27.5        25          30           1           1.5
    182        20         6         100.8      93.6       108        27.5        25          30           1             1
    183        21         6         115.2       108     122.4        27.5        25          30        1.75       1.43614
    184        22         6         129.6     122.4     136.8        27.5        25          30           1             1
    185        23         6           144     136.8     151.2        27.5        25          30        -0.5      0.353553
    186        24         6         158.4     151.2     165.6        27.5        25          30           0             0
    187        25         6         172.8     165.6       180        27.5        25          30        0.75       1.03078
    190         1         7        -172.8      -180    -165.6        32.5        30          35           0             0
    191         2         7        -158.4    -165.6    -151.2        32.5        30          35           0             0
    192         3         7          -144    -151.2    -136.8        32.5        30          35         0.5       1.06066
    193         4         7        -129.6    -136.8    -122.4        32.5        30          35           1             1
    194         5         7        -115.2    -122.4      -108        32.5        30          35           1             1
    195         6         7        -100.8      -108     -93.6        32.5        30          35       -0.25          0.25
    196         7         7         -86.4     -93.6     -79.2        32.5        30          35       -0.25          0.25
    197         8         7           -72     -79.2     -64.8        32.5        30          35           0             0
    198         9         7         -57.6     -64.8     -50.4        32.5        30          35           0             0
    199        10         7         -43.2     -50.4       -36        32.5        30          35           0             0
    200        11         7         -28.8       -36     -21.6        32.5        30          35           0             0
    201        12         7         -14.4     -21.6      -7.2        32.5        30          35           0             0
    202        13         7   1.42109e-14      -7.2       7.2        32.5        30          35           0             0
    203        14         7          14.4       7.2      21.6        32.5        30          35           0             0
    204        15         7          28.8      21.6        36        32.5        30          35           0             0
    205        16         7          43.2        36      50.4        32.5        30          35           1             1
    206        17         7          57.6      50.4      64.8        32.5        30          35           1             1
    207        18         7            72      64.8      79.2        32.5        30          35           0             0
    208        19         7          86.4      79.2      93.6        32.5        30          35          -1           0.5
    209        20         7         100.8      93.6       108        32.5        30          35        0.75       1.03078
    210        21         7         115.2       108     122.4        32.5        30          35       -0.25          0.25
    211        22         7         129.6     122.4     136.8        32.5        30          35           0             0
    212        23         7           144     136.8     151.2        32.5        30          35        -0.5      0.353553
    213        24         7         158.4     151.2     165.6        32.5        30          35           0             0
    214        25         7         172.8     165.6       180        32.5        30          35           0             0
    217         1         8        -172.8      -180    -165.6        37.5        35          40         1.5       1.45774
    218         2         8        -158.4    -165.6    -151.2        37.5        35          40           0             0
    219         3         8          -144    -151.2    -136.8        37.5        35          40           0             0
    220         4         8        -129.6    -136.8    -122.4        37.5        35          40       -0.25          0.25
    221         5         8        -115.2    -122.4      -108        37.5        35          40           0             0
    222         6         8        -100.8      -108     -93.6        37.5        35          40       -0.25          0.25
    223         7         8         -86.4     -93.6     -79.2        37.5        35          40           0             0
    224         8         8           -72     -79.2     -64.8        37.5        35          40           0             0
    225         9         8         -57.6     -64.8     -50.4        37.5        35          40           0             0
    226        10         8         -43.2     -50.4       -36        37.5        35          40           0             0
    227        11         8         -28.8       -36     -21.6        37.5        35          40           0             0
    228        12         8         -14.4     -21.6      -7.2        37.5        35          40           0             0
    229        13         8   1.42109e-14      -7.2       7.2        37.5        35          40           0             0
    230        14         8          14.4       7.2      21.6        37.5        35          40           0             0
    231        15         8          28.8      21.6        36        37.5        35          40           0             0
    232        16         8          43.2        36      50.4        37.5        35          40           0             0
    233        17         8          57.6      50.4      64.8        37.5        35          40           0             0
    234        18         8            72      64.8      79.2        37.5        35          40           1             1
    235        19         8          86.4      79.2      93.6        37.5        35          40        0.75       1.03078
    236        20         8         100.8      93.6       108        37.5        35          40       -0.25          0.25
    237        21         8         115.2       108     122.4        37.5        35          40           1             1
    238        22         8         129.6     122.4     136.8        37.5        35          40           0             0
    239        23         8           144     136.8     151.2        37.5        35          40           0             0
    240        24         8         158.4     151.2     165.6        37.5        35          40           0             0
    241        25         8         172.8     165.6       180        37.5        35          40       -0.25          0.25
