# 2D Histogram Bin Extraction 
#                   
# histogram parameters:  
# ybins      = 8   | ylabel: th_xq_CM [deg] 
# xbins      = 25   | xlabel: phi_xq [deg] 
# ybin width = 5.000 
# xbin width = 14.400 
#                   
# header definitions:
# ib:         (x,y)  bin number 
# xb:         x-axis bin number 
# yb:         y-axis bin number 
# x0:         x-axis central bin value 
# xlow:       x-axis low-edge bin value 
# xup:        x-axis up-edge bin value 
# y0:         y-axis central bin value 
# ylow:       y-axis low-edge bin value 
# yup:        y-axis up-edge bin value 
# zcont:      bin content (z-axis) 
# zcont_err:  bin content error (z-axis) 
#                                        
#! ib[i,0]/  xb[i,1]/  yb[i,2]/  x0[f,3]/  xlow[f,4]/  xup[f,5]/  y0[f,6]/  ylow[f,7]/  yup[f,8]/  zcont[f,9]/  zcont_err[f,10]/  
     28         1         1        -172.8      -180    -165.6         2.5         0           5       75.75       8.79275
     29         2         1        -158.4    -165.6    -151.2         2.5         0           5        68.5       8.38898
     30         3         1          -144    -151.2    -136.8         2.5         0           5       76.75       8.84944
     31         4         1        -129.6    -136.8    -122.4         2.5         0           5        73.5       8.60959
     32         5         1        -115.2    -122.4      -108         2.5         0           5       86.75       9.39747
     33         6         1        -100.8      -108     -93.6         2.5         0           5        97.5       9.90581
     34         7         1         -86.4     -93.6     -79.2         2.5         0           5       96.25       9.85837
     35         8         1           -72     -79.2     -64.8         2.5         0           5       90.25       9.54921
     36         9         1         -57.6     -64.8     -50.4         2.5         0           5        97.5       9.90581
     37        10         1         -43.2     -50.4       -36         2.5         0           5       78.25        8.9687
     38        11         1         -28.8       -36     -21.6         2.5         0           5        73.5       8.60959
     39        12         1         -14.4     -21.6      -7.2         2.5         0           5          71       8.42615
     40        13         1   1.42109e-14      -7.2       7.2         2.5         0           5       74.25       8.67107
     41        14         1          14.4       7.2      21.6         2.5         0           5       61.25       7.88591
     42        15         1          28.8      21.6        36         2.5         0           5       60.75       7.89383
     43        16         1          43.2        36      50.4         2.5         0           5          79       8.95824
     44        17         1          57.6      50.4      64.8         2.5         0           5        60.5       7.81825
     45        18         1            72      64.8      79.2         2.5         0           5          89       9.43398
     46        19         1          86.4      79.2      93.6         2.5         0           5       70.25       8.43727
     47        20         1         100.8      93.6       108         2.5         0           5       48.25       7.01338
     48        21         1         115.2       108     122.4         2.5         0           5          85       9.28709
     49        22         1         129.6     122.4     136.8         2.5         0           5        73.5       8.60959
     50        23         1           144     136.8     151.2         2.5         0           5          58        7.6974
     51        24         1         158.4     151.2     165.6         2.5         0           5          78       8.90225
     52        25         1         172.8     165.6       180         2.5         0           5        71.5       8.56592
     55         1         2        -172.8      -180    -165.6         7.5         5          10          77       8.77496
     56         2         2        -158.4    -165.6    -151.2         7.5         5          10          76        8.7892
     57         3         2          -144    -151.2    -136.8         7.5         5          10      102.25       10.1581
     58         4         2        -129.6    -136.8    -122.4         7.5         5          10         112       10.6419
     59         5         2        -115.2    -122.4      -108         7.5         5          10      139.75       11.8875
     60         6         2        -100.8      -108     -93.6         7.5         5          10         165       12.9422
     61         7         2         -86.4     -93.6     -79.2         7.5         5          10       179.5       13.4676
     62         8         2           -72     -79.2     -64.8         7.5         5          10       161.5       12.7818
     63         9         2         -57.6     -64.8     -50.4         7.5         5          10      136.25       11.8189
     64        10         2         -43.2     -50.4       -36         7.5         5          10         119       11.0793
     65        11         2         -28.8       -36     -21.6         7.5         5          10          97       9.91211
     66        12         2         -14.4     -21.6      -7.2         7.5         5          10       89.25        9.5623
     67        13         2   1.42109e-14      -7.2       7.2         7.5         5          10       75.25        8.8706
     68        14         2          14.4       7.2      21.6         7.5         5          10       53.25       7.44564
     69        15         2          28.8      21.6        36         7.5         5          10          72       8.55862
     70        16         2          43.2        36      50.4         7.5         5          10        95.5       9.86788
     71        17         2          57.6      50.4      64.8         7.5         5          10       99.25       10.0716
     72        18         2            72      64.8      79.2         7.5         5          10      121.25       11.0538
     73        19         2          86.4      79.2      93.6         7.5         5          10       114.5       10.7877
     74        20         2         100.8      93.6       108         7.5         5          10       114.5       10.7296
     75        21         2         115.2       108     122.4         7.5         5          10      102.25       10.2195
     76        22         2         129.6     122.4     136.8         7.5         5          10         107       10.4043
     77        23         2           144     136.8     151.2         7.5         5          10          96       9.86154
     78        24         2         158.4     151.2     165.6         7.5         5          10        84.5       9.22632
     79        25         2         172.8     165.6       180         7.5         5          10          78       8.90225
     82         1         3        -172.8      -180    -165.6        12.5        10          15          23       4.79583
     83         2         3        -158.4    -165.6    -151.2        12.5        10          15          20       4.47214
     84         3         3          -144    -151.2    -136.8        12.5        10          15       36.75        6.0879
     85         4         3        -129.6    -136.8    -122.4        12.5        10          15          49       7.08872
     86         5         3        -115.2    -122.4      -108        12.5        10          15       69.75       8.37033
     87         6         3        -100.8      -108     -93.6        12.5        10          15      119.75       11.0142
     88         7         3         -86.4     -93.6     -79.2        12.5        10          15         120       11.1243
     89         8         3           -72     -79.2     -64.8        12.5        10          15       131.5       11.6028
     90         9         3         -57.6     -64.8     -50.4        12.5        10          15       65.25       8.21203
     91        10         3         -43.2     -50.4       -36        12.5        10          15        49.5        7.0799
     92        11         3         -28.8       -36     -21.6        12.5        10          15          29           5.5
     93        12         3         -14.4     -21.6      -7.2        12.5        10          15        22.5       4.80885
     94        13         3   1.42109e-14      -7.2       7.2        12.5        10          15       22.75       4.80234
     95        14         3          14.4       7.2      21.6        12.5        10          15        23.5       5.03736
     96        15         3          28.8      21.6        36        12.5        10          15          40        6.5192
     97        16         3          43.2        36      50.4        12.5        10          15        53.5       7.35697
     98        17         3          57.6      50.4      64.8        12.5        10          15       63.75       8.15858
     99        18         3            72      64.8      79.2        12.5        10          15        82.5       9.25338
    100        19         3          86.4      79.2      93.6        12.5        10          15       63.25       8.01171
    101        20         3         100.8      93.6       108        12.5        10          15        66.5       8.19298
    102        21         3         115.2       108     122.4        12.5        10          15        45.5       6.79154
    103        22         3         129.6     122.4     136.8        12.5        10          15       32.75       5.85769
    104        23         3           144     136.8     151.2        12.5        10          15        21.5       4.70372
    105        24         3         158.4     151.2     165.6        12.5        10          15          18       4.24264
    106        25         3         172.8     165.6       180        12.5        10          15          15       3.87298
    109         1         4        -172.8      -180    -165.6        17.5        15          20           1             1
    110         2         4        -158.4    -165.6    -151.2        17.5        15          20           0             0
    111         3         4          -144    -151.2    -136.8        17.5        15          20           3       1.73205
    112         4         4        -129.6    -136.8    -122.4        17.5        15          20        4.75          2.25
    113         5         4        -115.2    -122.4      -108        17.5        15          20          22       4.69042
    114         6         4        -100.8      -108     -93.6        17.5        15          20          32       5.76628
    115         7         4         -86.4     -93.6     -79.2        17.5        15          20       50.25       7.15454
    116         8         4           -72     -79.2     -64.8        17.5        15          20        60.5       7.97653
    117         9         4         -57.6     -64.8     -50.4        17.5        15          20        20.5       4.59619
    118        10         4         -43.2     -50.4       -36        17.5        15          20       18.25       4.38035
    119        11         4         -28.8       -36     -21.6        17.5        15          20        6.75       2.65754
    120        12         4         -14.4     -21.6      -7.2        17.5        15          20        1.75       1.43614
    121        13         4   1.42109e-14      -7.2       7.2        17.5        15          20           1             1
    122        14         4          14.4       7.2      21.6        17.5        15          20        1.75       1.43614
    123        15         4          28.8      21.6        36        17.5        15          20           5       2.23607
    124        16         4          43.2        36      50.4        17.5        15          20        7.25       2.86138
    125        17         4          57.6      50.4      64.8        17.5        15          20       22.75       4.93077
    126        18         4            72      64.8      79.2        17.5        15          20       34.75       6.12883
    127        19         4          86.4      79.2      93.6        17.5        15          20       21.75       4.69707
    128        20         4         100.8      93.6       108        17.5        15          20       17.75          4.25
    129        21         4         115.2       108     122.4        17.5        15          20        8.75        3.0104
    130        22         4         129.6     122.4     136.8        17.5        15          20           9             3
    131        23         4           144     136.8     151.2        17.5        15          20           2       1.41421
    132        24         4         158.4     151.2     165.6        17.5        15          20           1             1
    133        25         4         172.8     165.6       180        17.5        15          20           1             1
    136         1         5        -172.8      -180    -165.6        22.5        20          25           0             0
    137         2         5        -158.4    -165.6    -151.2        22.5        20          25           0             0
    138         3         5          -144    -151.2    -136.8        22.5        20          25           0             0
    139         4         5        -129.6    -136.8    -122.4        22.5        20          25           0             0
    140         5         5        -115.2    -122.4      -108        22.5        20          25           0             0
    141         6         5        -100.8      -108     -93.6        22.5        20          25           5       2.23607
    142         7         5         -86.4     -93.6     -79.2        22.5        20          25        2.75          1.75
    143         8         5           -72     -79.2     -64.8        22.5        20          25       12.75       3.61421
    144         9         5         -57.6     -64.8     -50.4        22.5        20          25        6.75       2.65754
    145        10         5         -43.2     -50.4       -36        22.5        20          25           0             0
    146        11         5         -28.8       -36     -21.6        22.5        20          25           2       1.41421
    147        12         5         -14.4     -21.6      -7.2        22.5        20          25           0             0
    148        13         5   1.42109e-14      -7.2       7.2        22.5        20          25           0             0
    149        14         5          14.4       7.2      21.6        22.5        20          25           0             0
    150        15         5          28.8      21.6        36        22.5        20          25       -0.25          0.25
    151        16         5          43.2        36      50.4        22.5        20          25        0.75       1.03078
    152        17         5          57.6      50.4      64.8        22.5        20          25         3.5       2.03101
    153        18         5            72      64.8      79.2        22.5        20          25           5       2.23607
    154        19         5          86.4      79.2      93.6        22.5        20          25           2       1.41421
    155        20         5         100.8      93.6       108        22.5        20          25           1             1
    156        21         5         115.2       108     122.4        22.5        20          25           1             1
    157        22         5         129.6     122.4     136.8        22.5        20          25           0             0
    158        23         5           144     136.8     151.2        22.5        20          25       -0.25          0.25
    159        24         5         158.4     151.2     165.6        22.5        20          25           0             0
    160        25         5         172.8     165.6       180        22.5        20          25           0             0
    163         1         6        -172.8      -180    -165.6        27.5        25          30           0             0
    164         2         6        -158.4    -165.6    -151.2        27.5        25          30           0             0
    165         3         6          -144    -151.2    -136.8        27.5        25          30           0             0
    166         4         6        -129.6    -136.8    -122.4        27.5        25          30           0             0
    167         5         6        -115.2    -122.4      -108        27.5        25          30           0             0
    168         6         6        -100.8      -108     -93.6        27.5        25          30           0             0
    169         7         6         -86.4     -93.6     -79.2        27.5        25          30           1             1
    170         8         6           -72     -79.2     -64.8        27.5        25          30           0             0
    171         9         6         -57.6     -64.8     -50.4        27.5        25          30           0             0
    172        10         6         -43.2     -50.4       -36        27.5        25          30           0             0
    173        11         6         -28.8       -36     -21.6        27.5        25          30           0             0
    174        12         6         -14.4     -21.6      -7.2        27.5        25          30           0             0
    175        13         6   1.42109e-14      -7.2       7.2        27.5        25          30           0             0
    176        14         6          14.4       7.2      21.6        27.5        25          30           0             0
    177        15         6          28.8      21.6        36        27.5        25          30           0             0
    178        16         6          43.2        36      50.4        27.5        25          30           1             1
    179        17         6          57.6      50.4      64.8        27.5        25          30           0             0
    180        18         6            72      64.8      79.2        27.5        25          30       -0.25          0.25
    181        19         6          86.4      79.2      93.6        27.5        25          30           1             1
    182        20         6         100.8      93.6       108        27.5        25          30           1             1
    183        21         6         115.2       108     122.4        27.5        25          30           0             0
    184        22         6         129.6     122.4     136.8        27.5        25          30           1             1
    185        23         6           144     136.8     151.2        27.5        25          30           0             0
    186        24         6         158.4     151.2     165.6        27.5        25          30           0             0
    187        25         6         172.8     165.6       180        27.5        25          30           0             0
    190         1         7        -172.8      -180    -165.6        32.5        30          35           0             0
    191         2         7        -158.4    -165.6    -151.2        32.5        30          35           0             0
    192         3         7          -144    -151.2    -136.8        32.5        30          35           0             0
    193         4         7        -129.6    -136.8    -122.4        32.5        30          35           0             0
    194         5         7        -115.2    -122.4      -108        32.5        30          35       -0.25          0.25
    195         6         7        -100.8      -108     -93.6        32.5        30          35           0             0
    196         7         7         -86.4     -93.6     -79.2        32.5        30          35           0             0
    197         8         7           -72     -79.2     -64.8        32.5        30          35           0             0
    198         9         7         -57.6     -64.8     -50.4        32.5        30          35           0             0
    199        10         7         -43.2     -50.4       -36        32.5        30          35           0             0
    200        11         7         -28.8       -36     -21.6        32.5        30          35           0             0
    201        12         7         -14.4     -21.6      -7.2        32.5        30          35           0             0
    202        13         7   1.42109e-14      -7.2       7.2        32.5        30          35           0             0
    203        14         7          14.4       7.2      21.6        32.5        30          35           0             0
    204        15         7          28.8      21.6        36        32.5        30          35           0             0
    205        16         7          43.2        36      50.4        32.5        30          35           0             0
    206        17         7          57.6      50.4      64.8        32.5        30          35           0             0
    207        18         7            72      64.8      79.2        32.5        30          35           0             0
    208        19         7          86.4      79.2      93.6        32.5        30          35           0             0
    209        20         7         100.8      93.6       108        32.5        30          35        0.75       1.03078
    210        21         7         115.2       108     122.4        32.5        30          35       -0.25          0.25
    211        22         7         129.6     122.4     136.8        32.5        30          35           0             0
    212        23         7           144     136.8     151.2        32.5        30          35           0             0
    213        24         7         158.4     151.2     165.6        32.5        30          35           0             0
    214        25         7         172.8     165.6       180        32.5        30          35           0             0
    217         1         8        -172.8      -180    -165.6        37.5        35          40           0             0
    218         2         8        -158.4    -165.6    -151.2        37.5        35          40           0             0
    219         3         8          -144    -151.2    -136.8        37.5        35          40           0             0
    220         4         8        -129.6    -136.8    -122.4        37.5        35          40           0             0
    221         5         8        -115.2    -122.4      -108        37.5        35          40           0             0
    222         6         8        -100.8      -108     -93.6        37.5        35          40           0             0
    223         7         8         -86.4     -93.6     -79.2        37.5        35          40           0             0
    224         8         8           -72     -79.2     -64.8        37.5        35          40           0             0
    225         9         8         -57.6     -64.8     -50.4        37.5        35          40           0             0
    226        10         8         -43.2     -50.4       -36        37.5        35          40           0             0
    227        11         8         -28.8       -36     -21.6        37.5        35          40           0             0
    228        12         8         -14.4     -21.6      -7.2        37.5        35          40           0             0
    229        13         8   1.42109e-14      -7.2       7.2        37.5        35          40           0             0
    230        14         8          14.4       7.2      21.6        37.5        35          40           0             0
    231        15         8          28.8      21.6        36        37.5        35          40           0             0
    232        16         8          43.2        36      50.4        37.5        35          40           0             0
    233        17         8          57.6      50.4      64.8        37.5        35          40           0             0
    234        18         8            72      64.8      79.2        37.5        35          40           0             0
    235        19         8          86.4      79.2      93.6        37.5        35          40           0             0
    236        20         8         100.8      93.6       108        37.5        35          40           0             0
    237        21         8         115.2       108     122.4        37.5        35          40           0             0
    238        22         8         129.6     122.4     136.8        37.5        35          40           0             0
    239        23         8           144     136.8     151.2        37.5        35          40           0             0
    240        24         8         158.4     151.2     165.6        37.5        35          40           0             0
    241        25         8         172.8     165.6       180        37.5        35          40           0             0
