# 2D Histogram Bin Extraction 
#                   
# histogram parameters:  
# ybins      = 8   | ylabel: th_xq_CM [deg] 
# xbins      = 25   | xlabel: phi_xq [deg] 
# ybin width = 5.000 
# xbin width = 14.400 
#                   
# header definitions:
# ib:         (x,y)  bin number 
# xb:         x-axis bin number 
# yb:         y-axis bin number 
# x0:         x-axis central bin value 
# xlow:       x-axis low-edge bin value 
# xup:        x-axis up-edge bin value 
# y0:         y-axis central bin value 
# ylow:       y-axis low-edge bin value 
# yup:        y-axis up-edge bin value 
# zcont:      bin content (z-axis) 
# zcont_err:  bin content error (z-axis) 
#                                        
#! ib[i,0]/  xb[i,1]/  yb[i,2]/  x0[f,3]/  xlow[f,4]/  xup[f,5]/  y0[f,6]/  ylow[f,7]/  yup[f,8]/  zcont[f,9]/  zcont_err[f,10]/  
     28         1         1        -172.8      -180    -165.6         2.5         0           5       80.25       9.01041
     29         2         1        -158.4    -165.6    -151.2         2.5         0           5          86       9.34077
     30         3         1          -144    -151.2    -136.8         2.5         0           5       87.75       9.38416
     31         4         1        -129.6    -136.8    -122.4         2.5         0           5       82.25       9.12072
     32         5         1        -115.2    -122.4      -108         2.5         0           5       98.75       10.0156
     33         6         1        -100.8      -108     -93.6         2.5         0           5       91.75       9.65984
     34         7         1         -86.4     -93.6     -79.2         2.5         0           5       88.25       9.44391
     35         8         1           -72     -79.2     -64.8         2.5         0           5        79.5       9.02081
     36         9         1         -57.6     -64.8     -50.4         2.5         0           5          84       9.23309
     37        10         1         -43.2     -50.4       -36         2.5         0           5       79.75       9.01734
     38        11         1         -28.8       -36     -21.6         2.5         0           5       72.75       8.62047
     39        12         1         -14.4     -21.6      -7.2         2.5         0           5       83.75       9.23648
     40        13         1   1.42109e-14      -7.2       7.2         2.5         0           5       69.75       8.44467
     41        14         1          14.4       7.2      21.6         2.5         0           5          76        8.7892
     42        15         1          28.8      21.6        36         2.5         0           5       81.25       9.06573
     43        16         1          43.2        36      50.4         2.5         0           5       62.75       8.09707
     44        17         1          57.6      50.4      64.8         2.5         0           5       86.75       9.39747
     45        18         1            72      64.8      79.2         2.5         0           5          92        9.6566
     46        19         1          86.4      79.2      93.6         2.5         0           5        81.5       9.06228
     47        20         1         100.8      93.6       108         2.5         0           5       61.75       7.95692
     48        21         1         115.2       108     122.4         2.5         0           5          68       8.39643
     49        22         1         129.6     122.4     136.8         2.5         0           5          73       8.61684
     50        23         1           144     136.8     151.2         2.5         0           5        89.5       9.55903
     51        24         1         158.4     151.2     165.6         2.5         0           5        69.5       8.44837
     52        25         1         172.8     165.6       180         2.5         0           5          79       8.95824
     55         1         2        -172.8      -180    -165.6         7.5         5          10       78.75       8.96172
     56         2         2        -158.4    -165.6    -151.2         7.5         5          10        93.5        9.7018
     57         3         2          -144    -151.2    -136.8         7.5         5          10         100       10.0623
     58         4         2        -129.6    -136.8    -122.4         7.5         5          10       107.5       10.5178
     59         5         2        -115.2    -122.4      -108         7.5         5          10      123.25       11.1439
     60         6         2        -100.8      -108     -93.6         7.5         5          10       149.5       12.3541
     61         7         2         -86.4     -93.6     -79.2         7.5         5          10       155.5       12.5449
     62         8         2           -72     -79.2     -64.8         7.5         5          10      157.75       12.6713
     63         9         2         -57.6     -64.8     -50.4         7.5         5          10         135        11.726
     64        10         2         -43.2     -50.4       -36         7.5         5          10       97.75       9.96557
     65        11         2         -28.8       -36     -21.6         7.5         5          10       70.75       8.64942
     66        12         2         -14.4     -21.6      -7.2         7.5         5          10          92       9.72111
     67        13         2   1.42109e-14      -7.2       7.2         7.5         5          10          77       8.91628
     68        14         2          14.4       7.2      21.6         7.5         5          10          68       8.39643
     69        15         2          28.8      21.6        36         7.5         5          10          76       8.86002
     70        16         2          43.2        36      50.4         7.5         5          10      104.75       10.3108
     71        17         2          57.6      50.4      64.8         7.5         5          10          93       9.77241
     72        18         2            72      64.8      79.2         7.5         5          10         147       12.1244
     73        19         2          86.4      79.2      93.6         7.5         5          10      143.25       12.1115
     74        20         2         100.8      93.6       108         7.5         5          10      125.25       11.2888
     75        21         2         115.2       108     122.4         7.5         5          10       123.5       11.1971
     76        22         2         129.6     122.4     136.8         7.5         5          10         111       10.5948
     77        23         2           144     136.8     151.2         7.5         5          10       82.75       9.18218
     78        24         2         158.4     151.2     165.6         7.5         5          10        69.5       8.44837
     79        25         2         172.8     165.6       180         7.5         5          10       97.75       9.96557
     82         1         3        -172.8      -180    -165.6        12.5        10          15       14.75       3.88104
     83         2         3        -158.4    -165.6    -151.2        12.5        10          15          22       4.69042
     84         3         3          -144    -151.2    -136.8        12.5        10          15          23       4.79583
     85         4         3        -129.6    -136.8    -122.4        12.5        10          15        48.5       7.09753
     86         5         3        -115.2    -122.4      -108        12.5        10          15          64       8.07775
     87         6         3        -100.8      -108     -93.6        12.5        10          15       90.25       9.54921
     88         7         3         -86.4     -93.6     -79.2        12.5        10          15      111.25       10.6507
     89         8         3           -72     -79.2     -64.8        12.5        10          15       98.25        10.084
     90         9         3         -57.6     -64.8     -50.4        12.5        10          15          70       8.44097
     91        10         3         -43.2     -50.4       -36        12.5        10          15          51       7.22842
     92        11         3         -28.8       -36     -21.6        12.5        10          15        39.5       6.33443
     93        12         3         -14.4     -21.6      -7.2        12.5        10          15       12.25       3.63146
     94        13         3   1.42109e-14      -7.2       7.2        12.5        10          15       22.75       4.93077
     95        14         3          14.4       7.2      21.6        12.5        10          15       27.25       5.30919
     96        15         3          28.8      21.6        36        12.5        10          15       17.25       4.26468
     97        16         3          43.2        36      50.4        12.5        10          15          50       7.15891
     98        17         3          57.6      50.4      64.8        12.5        10          15       69.25       8.45207
     99        18         3            72      64.8      79.2        12.5        10          15       77.25       8.91277
    100        19         3          86.4      79.2      93.6        12.5        10          15       69.75       8.59142
    101        20         3         100.8      93.6       108        12.5        10          15        94.5        9.7532
    102        21         3         115.2       108     122.4        12.5        10          15        55.5       7.49166
    103        22         3         129.6     122.4     136.8        12.5        10          15       36.75        6.0879
    104        23         3           144     136.8     151.2        12.5        10          15          32       5.65685
    105        24         3         158.4     151.2     165.6        12.5        10          15          23       4.79583
    106        25         3         172.8     165.6       180        12.5        10          15       19.75       4.47912
    109         1         4        -172.8      -180    -165.6        17.5        15          20           0             0
    110         2         4        -158.4    -165.6    -151.2        17.5        15          20           1             1
    111         3         4          -144    -151.2    -136.8        17.5        15          20           0             0
    112         4         4        -129.6    -136.8    -122.4        17.5        15          20           5       2.23607
    113         5         4        -115.2    -122.4      -108        17.5        15          20          18       4.24264
    114         6         4        -100.8      -108     -93.6        17.5        15          20       34.75       6.02599
    115         7         4         -86.4     -93.6     -79.2        17.5        15          20          58        7.6974
    116         8         4           -72     -79.2     -64.8        17.5        15          20       54.25       7.42883
    117         9         4         -57.6     -64.8     -50.4        17.5        15          20          26       5.22015
    118        10         4         -43.2     -50.4       -36        17.5        15          20          14       3.74166
    119        11         4         -28.8       -36     -21.6        17.5        15          20           5           2.5
    120        12         4         -14.4     -21.6      -7.2        17.5        15          20        3.25       2.04634
    121        13         4   1.42109e-14      -7.2       7.2        17.5        15          20        1.75       1.43614
    122        14         4          14.4       7.2      21.6        17.5        15          20           1             1
    123        15         4          28.8      21.6        36        17.5        15          20         8.5       3.02076
    124        16         4          43.2        36      50.4        17.5        15          20        19.5       4.75657
    125        17         4          57.6      50.4      64.8        17.5        15          20          27       5.31507
    126        18         4            72      64.8      79.2        17.5        15          20        32.5       5.86302
    127        19         4          86.4      79.2      93.6        17.5        15          20       30.75       5.57337
    128        20         4         100.8      93.6       108        17.5        15          20       20.75       4.72361
    129        21         4         115.2       108     122.4        17.5        15          20          13       3.60555
    130        22         4         129.6     122.4     136.8        17.5        15          20           1             1
    131        23         4           144     136.8     151.2        17.5        15          20           3       1.73205
    132        24         4         158.4     151.2     165.6        17.5        15          20           0             0
    133        25         4         172.8     165.6       180        17.5        15          20           0             0
    136         1         5        -172.8      -180    -165.6        22.5        20          25           0             0
    137         2         5        -158.4    -165.6    -151.2        22.5        20          25           0             0
    138         3         5          -144    -151.2    -136.8        22.5        20          25           0             0
    139         4         5        -129.6    -136.8    -122.4        22.5        20          25           0             0
    140         5         5        -115.2    -122.4      -108        22.5        20          25           0             0
    141         6         5        -100.8      -108     -93.6        22.5        20          25           2       1.41421
    142         7         5         -86.4     -93.6     -79.2        22.5        20          25        3.75       2.01556
    143         8         5           -72     -79.2     -64.8        22.5        20          25        3.75       2.01556
    144         9         5         -57.6     -64.8     -50.4        22.5        20          25           6       2.44949
    145        10         5         -43.2     -50.4       -36        22.5        20          25           1             1
    146        11         5         -28.8       -36     -21.6        22.5        20          25           0             0
    147        12         5         -14.4     -21.6      -7.2        22.5        20          25           0             0
    148        13         5   1.42109e-14      -7.2       7.2        22.5        20          25           0             0
    149        14         5          14.4       7.2      21.6        22.5        20          25           0             0
    150        15         5          28.8      21.6        36        22.5        20          25           0             0
    151        16         5          43.2        36      50.4        22.5        20          25        0.75       1.03078
    152        17         5          57.6      50.4      64.8        22.5        20          25        4.75          2.25
    153        18         5            72      64.8      79.2        22.5        20          25        3.75       2.01556
    154        19         5          86.4      79.2      93.6        22.5        20          25           2       1.41421
    155        20         5         100.8      93.6       108        22.5        20          25           2       1.41421
    156        21         5         115.2       108     122.4        22.5        20          25           3       1.73205
    157        22         5         129.6     122.4     136.8        22.5        20          25           0             0
    158        23         5           144     136.8     151.2        22.5        20          25       -0.25          0.25
    159        24         5         158.4     151.2     165.6        22.5        20          25           0             0
    160        25         5         172.8     165.6       180        22.5        20          25           0             0
    163         1         6        -172.8      -180    -165.6        27.5        25          30           0             0
    164         2         6        -158.4    -165.6    -151.2        27.5        25          30           0             0
    165         3         6          -144    -151.2    -136.8        27.5        25          30           0             0
    166         4         6        -129.6    -136.8    -122.4        27.5        25          30           0             0
    167         5         6        -115.2    -122.4      -108        27.5        25          30           0             0
    168         6         6        -100.8      -108     -93.6        27.5        25          30           0             0
    169         7         6         -86.4     -93.6     -79.2        27.5        25          30           0             0
    170         8         6           -72     -79.2     -64.8        27.5        25          30           1             1
    171         9         6         -57.6     -64.8     -50.4        27.5        25          30           0             0
    172        10         6         -43.2     -50.4       -36        27.5        25          30           0             0
    173        11         6         -28.8       -36     -21.6        27.5        25          30           0             0
    174        12         6         -14.4     -21.6      -7.2        27.5        25          30           0             0
    175        13         6   1.42109e-14      -7.2       7.2        27.5        25          30           0             0
    176        14         6          14.4       7.2      21.6        27.5        25          30           0             0
    177        15         6          28.8      21.6        36        27.5        25          30           0             0
    178        16         6          43.2        36      50.4        27.5        25          30           0             0
    179        17         6          57.6      50.4      64.8        27.5        25          30        0.75       1.03078
    180        18         6            72      64.8      79.2        27.5        25          30           0             0
    181        19         6          86.4      79.2      93.6        27.5        25          30        -0.5      0.353553
    182        20         6         100.8      93.6       108        27.5        25          30           0             0
    183        21         6         115.2       108     122.4        27.5        25          30           0             0
    184        22         6         129.6     122.4     136.8        27.5        25          30           0             0
    185        23         6           144     136.8     151.2        27.5        25          30           1             1
    186        24         6         158.4     151.2     165.6        27.5        25          30           0             0
    187        25         6         172.8     165.6       180        27.5        25          30           0             0
    190         1         7        -172.8      -180    -165.6        32.5        30          35           0             0
    191         2         7        -158.4    -165.6    -151.2        32.5        30          35           0             0
    192         3         7          -144    -151.2    -136.8        32.5        30          35           0             0
    193         4         7        -129.6    -136.8    -122.4        32.5        30          35           0             0
    194         5         7        -115.2    -122.4      -108        32.5        30          35           0             0
    195         6         7        -100.8      -108     -93.6        32.5        30          35           0             0
    196         7         7         -86.4     -93.6     -79.2        32.5        30          35           0             0
    197         8         7           -72     -79.2     -64.8        32.5        30          35       -0.25          0.25
    198         9         7         -57.6     -64.8     -50.4        32.5        30          35           0             0
    199        10         7         -43.2     -50.4       -36        32.5        30          35           0             0
    200        11         7         -28.8       -36     -21.6        32.5        30          35           0             0
    201        12         7         -14.4     -21.6      -7.2        32.5        30          35           0             0
    202        13         7   1.42109e-14      -7.2       7.2        32.5        30          35           0             0
    203        14         7          14.4       7.2      21.6        32.5        30          35           0             0
    204        15         7          28.8      21.6        36        32.5        30          35           0             0
    205        16         7          43.2        36      50.4        32.5        30          35           0             0
    206        17         7          57.6      50.4      64.8        32.5        30          35           0             0
    207        18         7            72      64.8      79.2        32.5        30          35           0             0
    208        19         7          86.4      79.2      93.6        32.5        30          35           0             0
    209        20         7         100.8      93.6       108        32.5        30          35           1             1
    210        21         7         115.2       108     122.4        32.5        30          35           0             0
    211        22         7         129.6     122.4     136.8        32.5        30          35           0             0
    212        23         7           144     136.8     151.2        32.5        30          35           0             0
    213        24         7         158.4     151.2     165.6        32.5        30          35           0             0
    214        25         7         172.8     165.6       180        32.5        30          35           0             0
    217         1         8        -172.8      -180    -165.6        37.5        35          40           0             0
    218         2         8        -158.4    -165.6    -151.2        37.5        35          40           0             0
    219         3         8          -144    -151.2    -136.8        37.5        35          40           0             0
    220         4         8        -129.6    -136.8    -122.4        37.5        35          40           0             0
    221         5         8        -115.2    -122.4      -108        37.5        35          40           0             0
    222         6         8        -100.8      -108     -93.6        37.5        35          40           0             0
    223         7         8         -86.4     -93.6     -79.2        37.5        35          40           0             0
    224         8         8           -72     -79.2     -64.8        37.5        35          40           0             0
    225         9         8         -57.6     -64.8     -50.4        37.5        35          40           0             0
    226        10         8         -43.2     -50.4       -36        37.5        35          40           0             0
    227        11         8         -28.8       -36     -21.6        37.5        35          40           0             0
    228        12         8         -14.4     -21.6      -7.2        37.5        35          40           0             0
    229        13         8   1.42109e-14      -7.2       7.2        37.5        35          40           0             0
    230        14         8          14.4       7.2      21.6        37.5        35          40           0             0
    231        15         8          28.8      21.6        36        37.5        35          40           0             0
    232        16         8          43.2        36      50.4        37.5        35          40           0             0
    233        17         8          57.6      50.4      64.8        37.5        35          40           1             1
    234        18         8            72      64.8      79.2        37.5        35          40       -0.25          0.25
    235        19         8          86.4      79.2      93.6        37.5        35          40           0             0
    236        20         8         100.8      93.6       108        37.5        35          40           0             0
    237        21         8         115.2       108     122.4        37.5        35          40           0             0
    238        22         8         129.6     122.4     136.8        37.5        35          40           0             0
    239        23         8           144     136.8     151.2        37.5        35          40           0             0
    240        24         8         158.4     151.2     165.6        37.5        35          40           0             0
    241        25         8         172.8     165.6       180        37.5        35          40           0             0
