# 2D Histogram Bin Extraction 
#                   
# histogram parameters:  
# ybins      = 8   | ylabel: th_xq_CM [deg] 
# xbins      = 25   | xlabel: phi_xq [deg] 
# ybin width = 5.000 
# xbin width = 14.400 
#                   
# header definitions:
# ib:         (x,y)  bin number 
# xb:         x-axis bin number 
# yb:         y-axis bin number 
# x0:         x-axis central bin value 
# xlow:       x-axis low-edge bin value 
# xup:        x-axis up-edge bin value 
# y0:         y-axis central bin value 
# ylow:       y-axis low-edge bin value 
# yup:        y-axis up-edge bin value 
# zcont:      bin content (z-axis) 
# zcont_err:  bin content error (z-axis) 
#                                        
#! ib[i,0]/  xb[i,1]/  yb[i,2]/  x0[f,3]/  xlow[f,4]/  xup[f,5]/  y0[f,6]/  ylow[f,7]/  yup[f,8]/  zcont[f,9]/  zcont_err[f,10]/  
     28         1         1        -172.8      -180    -165.6         2.5         0           5        79.5       8.95126
     29         2         1        -158.4    -165.6    -151.2         2.5         0           5         104       10.2591
     30         3         1          -144    -151.2    -136.8         2.5         0           5       84.25       9.22971
     31         4         1        -129.6    -136.8    -122.4         2.5         0           5         100       10.0623
     32         5         1        -115.2    -122.4      -108         2.5         0           5         101       10.1119
     33         6         1        -100.8      -108     -93.6         2.5         0           5       101.5       10.1673
     34         7         1         -86.4     -93.6     -79.2         2.5         0           5         101       10.1119
     35         8         1           -72     -79.2     -64.8         2.5         0           5      106.25       10.4133
     36         9         1         -57.6     -64.8     -50.4         2.5         0           5       102.5        10.155
     37        10         1         -43.2     -50.4       -36         2.5         0           5      105.75       10.3592
     38        11         1         -28.8       -36     -21.6         2.5         0           5          98       9.96243
     39        12         1         -14.4     -21.6      -7.2         2.5         0           5       97.75       9.96557
     40        13         1   1.42109e-14      -7.2       7.2         2.5         0           5        93.5        9.7018
     41        14         1          14.4       7.2      21.6         2.5         0           5       103.5       10.2652
     42        15         1          28.8      21.6        36         2.5         0           5          91       9.60469
     43        16         1          43.2        36      50.4         2.5         0           5          96       9.86154
     44        17         1          57.6      50.4      64.8         2.5         0           5         107       10.4043
     45        18         1            72      64.8      79.2         2.5         0           5       86.75       9.39747
     46        19         1          86.4      79.2      93.6         2.5         0           5          74       8.67468
     47        20         1         100.8      93.6       108         2.5         0           5       97.25       9.90896
     48        21         1         115.2       108     122.4         2.5         0           5       103.5       10.2042
     49        22         1         129.6     122.4     136.8         2.5         0           5      100.75        10.053
     50        23         1           144     136.8     151.2         2.5         0           5         110       10.5475
     51        24         1         158.4     151.2     165.6         2.5         0           5       83.25       9.17537
     52        25         1         172.8     165.6       180         2.5         0           5          86       9.34077
     55         1         2        -172.8      -180    -165.6         7.5         5          10      107.75       10.4553
     56         2         2        -158.4    -165.6    -151.2         7.5         5          10        99.5       10.0685
     57         3         2          -144    -151.2    -136.8         7.5         5          10      121.75       11.0482
     58         4         2        -129.6    -136.8    -122.4         7.5         5          10      137.75       11.8031
     59         5         2        -115.2    -122.4      -108         7.5         5          10      172.25       13.1601
     60         6         2        -100.8      -108     -93.6         7.5         5          10      176.25       13.4048
     61         7         2         -86.4     -93.6     -79.2         7.5         5          10       167.5       13.1101
     62         8         2           -72     -79.2     -64.8         7.5         5          10      186.75       13.7682
     63         9         2         -57.6     -64.8     -50.4         7.5         5          10       186.5       13.7704
     64        10         2         -43.2     -50.4       -36         7.5         5          10      135.25       11.7234
     65        11         2         -28.8       -36     -21.6         7.5         5          10       108.5       10.4463
     66        12         2         -14.4     -21.6      -7.2         7.5         5          10        97.5       10.0312
     67        13         2   1.42109e-14      -7.2       7.2         7.5         5          10       97.25       9.97184
     68        14         2          14.4       7.2      21.6         7.5         5          10      105.25       10.3652
     69        15         2          28.8      21.6        36         7.5         5          10       109.5       10.5534
     70        16         2          43.2        36      50.4         7.5         5          10      137.75       11.8559
     71        17         2          57.6      50.4      64.8         7.5         5          10       135.5       11.7207
     72        18         2            72      64.8      79.2         7.5         5          10         131          11.5
     73        19         2          86.4      79.2      93.6         7.5         5          10       149.5       12.3035
     74        20         2         100.8      93.6       108         7.5         5          10       150.5        12.344
     75        21         2         115.2       108     122.4         7.5         5          10      154.75       12.5025
     76        22         2         129.6     122.4     136.8         7.5         5          10      112.75       10.6917
     77        23         2           144     136.8     151.2         7.5         5          10         122       11.1018
     78        24         2         158.4     151.2     165.6         7.5         5          10       102.5       10.2164
     79        25         2         172.8     165.6       180         7.5         5          10        97.5       9.90581
     82         1         3        -172.8      -180    -165.6        12.5        10          15          32       5.65685
     83         2         3        -158.4    -165.6    -151.2        12.5        10          15       26.75       5.20216
     84         3         3          -144    -151.2    -136.8        12.5        10          15        29.5       5.48862
     85         4         3        -129.6    -136.8    -122.4        12.5        10          15       55.75        7.5705
     86         5         3        -115.2    -122.4      -108        12.5        10          15         104       10.2591
     87         6         3        -100.8      -108     -93.6        12.5        10          15         136       11.7686
     88         7         3         -86.4     -93.6     -79.2        12.5        10          15      136.25       11.8189
     89         8         3           -72     -79.2     -64.8        12.5        10          15         119       11.0227
     90         9         3         -57.6     -64.8     -50.4        12.5        10          15       85.25        9.4174
     91        10         3         -43.2     -50.4       -36        12.5        10          15        55.5       7.57463
     92        11         3         -28.8       -36     -21.6        12.5        10          15        39.5       6.33443
     93        12         3         -14.4     -21.6      -7.2        12.5        10          15        23.5       5.03736
     94        13         3   1.42109e-14      -7.2       7.2        12.5        10          15        29.5       5.48862
     95        14         3          14.4       7.2      21.6        12.5        10          15          33       5.85235
     96        15         3          28.8      21.6        36        12.5        10          15        55.5       7.49166
     97        16         3          43.2        36      50.4        12.5        10          15          60       7.90569
     98        17         3          57.6      50.4      64.8        12.5        10          15        67.5       8.32917
     99        18         3            72      64.8      79.2        12.5        10          15          99       10.0125
    100        19         3          86.4      79.2      93.6        12.5        10          15       96.25       9.85837
    101        20         3         100.8      93.6       108        12.5        10          15         103       10.2103
    102        21         3         115.2       108     122.4        12.5        10          15       56.25       7.56224
    103        22         3         129.6     122.4     136.8        12.5        10          15       45.75       6.78694
    104        23         3           144     136.8     151.2        12.5        10          15          32       5.65685
    105        24         3         158.4     151.2     165.6        12.5        10          15       25.75       5.10514
    106        25         3         172.8     165.6       180        12.5        10          15          20       4.47214
    109         1         4        -172.8      -180    -165.6        17.5        15          20           1             1
    110         2         4        -158.4    -165.6    -151.2        17.5        15          20       -0.25          0.25
    111         3         4          -144    -151.2    -136.8        17.5        15          20           5       2.23607
    112         4         4        -129.6    -136.8    -122.4        17.5        15          20         4.5       2.26385
    113         5         4        -115.2    -122.4      -108        17.5        15          20       14.75       3.88104
    114         6         4        -100.8      -108     -93.6        17.5        15          20       29.25       5.49432
    115         7         4         -86.4     -93.6     -79.2        17.5        15          20       68.25        8.3179
    116         8         4           -72     -79.2     -64.8        17.5        15          20       62.75       8.01951
    117         9         4         -57.6     -64.8     -50.4        17.5        15          20       36.75       6.18971
    118        10         4         -43.2     -50.4       -36        17.5        15          20       16.25       4.14578
    119        11         4         -28.8       -36     -21.6        17.5        15          20         5.5       2.47487
    120        12         4         -14.4     -21.6      -7.2        17.5        15          20        2.75          1.75
    121        13         4   1.42109e-14      -7.2       7.2        17.5        15          20           1             1
    122        14         4          14.4       7.2      21.6        17.5        15          20        4.25       2.27761
    123        15         4          28.8      21.6        36        17.5        15          20        9.25       3.19179
    124        16         4          43.2        36      50.4        17.5        15          20        18.5       4.37321
    125        17         4          57.6      50.4      64.8        17.5        15          20       42.75       6.65676
    126        18         4            72      64.8      79.2        17.5        15          20       39.75       6.42748
    127        19         4          86.4      79.2      93.6        17.5        15          20       44.25       6.72216
    128        20         4         100.8      93.6       108        17.5        15          20        28.5       5.39676
    129        21         4         115.2       108     122.4        17.5        15          20          18       4.24264
    130        22         4         129.6     122.4     136.8        17.5        15          20           6       2.44949
    131        23         4           144     136.8     151.2        17.5        15          20           3       1.73205
    132        24         4         158.4     151.2     165.6        17.5        15          20           2       1.41421
    133        25         4         172.8     165.6       180        17.5        15          20           0             0
    136         1         5        -172.8      -180    -165.6        22.5        20          25           0             0
    137         2         5        -158.4    -165.6    -151.2        22.5        20          25           0             0
    138         3         5          -144    -151.2    -136.8        22.5        20          25           0             0
    139         4         5        -129.6    -136.8    -122.4        22.5        20          25           0             0
    140         5         5        -115.2    -122.4      -108        22.5        20          25       -0.25          0.25
    141         6         5        -100.8      -108     -93.6        22.5        20          25           1             1
    142         7         5         -86.4     -93.6     -79.2        22.5        20          25        8.75        3.0104
    143         8         5           -72     -79.2     -64.8        22.5        20          25       11.75       3.47311
    144         9         5         -57.6     -64.8     -50.4        22.5        20          25        5.75       2.46221
    145        10         5         -43.2     -50.4       -36        22.5        20          25        0.75       1.03078
    146        11         5         -28.8       -36     -21.6        22.5        20          25           0             0
    147        12         5         -14.4     -21.6      -7.2        22.5        20          25           0             0
    148        13         5   1.42109e-14      -7.2       7.2        22.5        20          25           0             0
    149        14         5          14.4       7.2      21.6        22.5        20          25           0             0
    150        15         5          28.8      21.6        36        22.5        20          25           0             0
    151        16         5          43.2        36      50.4        22.5        20          25        2.75          1.75
    152        17         5          57.6      50.4      64.8        22.5        20          25        9.75       3.17214
    153        18         5            72      64.8      79.2        22.5        20          25        7.75       2.83945
    154        19         5          86.4      79.2      93.6        22.5        20          25        2.75          1.75
    155        20         5         100.8      93.6       108        22.5        20          25           1             1
    156        21         5         115.2       108     122.4        22.5        20          25       -0.25          0.25
    157        22         5         129.6     122.4     136.8        22.5        20          25           1             1
    158        23         5           144     136.8     151.2        22.5        20          25           0             0
    159        24         5         158.4     151.2     165.6        22.5        20          25           0             0
    160        25         5         172.8     165.6       180        22.5        20          25           0             0
    163         1         6        -172.8      -180    -165.6        27.5        25          30           1             1
    164         2         6        -158.4    -165.6    -151.2        27.5        25          30           0             0
    165         3         6          -144    -151.2    -136.8        27.5        25          30           0             0
    166         4         6        -129.6    -136.8    -122.4        27.5        25          30           0             0
    167         5         6        -115.2    -122.4      -108        27.5        25          30           0             0
    168         6         6        -100.8      -108     -93.6        27.5        25          30           0             0
    169         7         6         -86.4     -93.6     -79.2        27.5        25          30           0             0
    170         8         6           -72     -79.2     -64.8        27.5        25          30           0             0
    171         9         6         -57.6     -64.8     -50.4        27.5        25          30       -0.25          0.25
    172        10         6         -43.2     -50.4       -36        27.5        25          30           0             0
    173        11         6         -28.8       -36     -21.6        27.5        25          30           0             0
    174        12         6         -14.4     -21.6      -7.2        27.5        25          30           0             0
    175        13         6   1.42109e-14      -7.2       7.2        27.5        25          30           0             0
    176        14         6          14.4       7.2      21.6        27.5        25          30           0             0
    177        15         6          28.8      21.6        36        27.5        25          30           0             0
    178        16         6          43.2        36      50.4        27.5        25          30           0             0
    179        17         6          57.6      50.4      64.8        27.5        25          30           2       1.41421
    180        18         6            72      64.8      79.2        27.5        25          30           0             0
    181        19         6          86.4      79.2      93.6        27.5        25          30           0             0
    182        20         6         100.8      93.6       108        27.5        25          30       -0.25          0.25
    183        21         6         115.2       108     122.4        27.5        25          30       -0.25          0.25
    184        22         6         129.6     122.4     136.8        27.5        25          30           0             0
    185        23         6           144     136.8     151.2        27.5        25          30           0             0
    186        24         6         158.4     151.2     165.6        27.5        25          30           0             0
    187        25         6         172.8     165.6       180        27.5        25          30           0             0
    190         1         7        -172.8      -180    -165.6        32.5        30          35           0             0
    191         2         7        -158.4    -165.6    -151.2        32.5        30          35           0             0
    192         3         7          -144    -151.2    -136.8        32.5        30          35           0             0
    193         4         7        -129.6    -136.8    -122.4        32.5        30          35           0             0
    194         5         7        -115.2    -122.4      -108        32.5        30          35           0             0
    195         6         7        -100.8      -108     -93.6        32.5        30          35           0             0
    196         7         7         -86.4     -93.6     -79.2        32.5        30          35           0             0
    197         8         7           -72     -79.2     -64.8        32.5        30          35           0             0
    198         9         7         -57.6     -64.8     -50.4        32.5        30          35           0             0
    199        10         7         -43.2     -50.4       -36        32.5        30          35           0             0
    200        11         7         -28.8       -36     -21.6        32.5        30          35           0             0
    201        12         7         -14.4     -21.6      -7.2        32.5        30          35           0             0
    202        13         7   1.42109e-14      -7.2       7.2        32.5        30          35           0             0
    203        14         7          14.4       7.2      21.6        32.5        30          35           0             0
    204        15         7          28.8      21.6        36        32.5        30          35           0             0
    205        16         7          43.2        36      50.4        32.5        30          35           0             0
    206        17         7          57.6      50.4      64.8        32.5        30          35           0             0
    207        18         7            72      64.8      79.2        32.5        30          35           0             0
    208        19         7          86.4      79.2      93.6        32.5        30          35           0             0
    209        20         7         100.8      93.6       108        32.5        30          35           0             0
    210        21         7         115.2       108     122.4        32.5        30          35           0             0
    211        22         7         129.6     122.4     136.8        32.5        30          35           0             0
    212        23         7           144     136.8     151.2        32.5        30          35           0             0
    213        24         7         158.4     151.2     165.6        32.5        30          35       -0.25          0.25
    214        25         7         172.8     165.6       180        32.5        30          35           0             0
    217         1         8        -172.8      -180    -165.6        37.5        35          40           0             0
    218         2         8        -158.4    -165.6    -151.2        37.5        35          40           0             0
    219         3         8          -144    -151.2    -136.8        37.5        35          40           0             0
    220         4         8        -129.6    -136.8    -122.4        37.5        35          40           0             0
    221         5         8        -115.2    -122.4      -108        37.5        35          40           0             0
    222         6         8        -100.8      -108     -93.6        37.5        35          40           0             0
    223         7         8         -86.4     -93.6     -79.2        37.5        35          40           0             0
    224         8         8           -72     -79.2     -64.8        37.5        35          40           0             0
    225         9         8         -57.6     -64.8     -50.4        37.5        35          40           0             0
    226        10         8         -43.2     -50.4       -36        37.5        35          40           0             0
    227        11         8         -28.8       -36     -21.6        37.5        35          40           0             0
    228        12         8         -14.4     -21.6      -7.2        37.5        35          40           0             0
    229        13         8   1.42109e-14      -7.2       7.2        37.5        35          40           0             0
    230        14         8          14.4       7.2      21.6        37.5        35          40           0             0
    231        15         8          28.8      21.6        36        37.5        35          40           0             0
    232        16         8          43.2        36      50.4        37.5        35          40           0             0
    233        17         8          57.6      50.4      64.8        37.5        35          40           0             0
    234        18         8            72      64.8      79.2        37.5        35          40           0             0
    235        19         8          86.4      79.2      93.6        37.5        35          40           0             0
    236        20         8         100.8      93.6       108        37.5        35          40           0             0
    237        21         8         115.2       108     122.4        37.5        35          40           0             0
    238        22         8         129.6     122.4     136.8        37.5        35          40           0             0
    239        23         8           144     136.8     151.2        37.5        35          40           0             0
    240        24         8         158.4     151.2     165.6        37.5        35          40           0             0
    241        25         8         172.8     165.6       180        37.5        35          40           0             0
