# Kaon Beam-Spin Asymmetry (KIN-1)
#
# histogram parameters:
# ybins      =  8    | th_xq_CM [deg]
# xbins      =  25    | phi_xq   [deg]
# ybin width =  5.000  (or +/- 2.500 deg)
# xbin width =  14.400  (or +/- 7.200 deg)
#
# header definitions:
# ib:         (x,y)  bin number 
# xb:         x-axis bin number 
# yb:         y-axis bin number 
# x0:         x-axis central bin value 
# xlow:       x-axis low-edge bin value 
# xup:        x-axis up-edge bin value 
# y0:         y-axis central bin value 
# ylow:       y-axis low-edge bin value 
# yup:        y-axis up-edge bin value 
# Np:         pos (+) helicity counts
# Np_err:     pos (+) helicity counts uncertainty
# Nn:         neg (-) helicity counts
# Nn_err:     neg (-) helicity counts uncertainty
# Asy:        Beam-Spin Asymmetry
# Asy_err:    Beam-Spin Asymmetry uncertainty
#
#! ib[i,0]/  xb[i,1]/  yb[i,2]/  x0[f,3]/  xlow[f,4]/  xup[f,5]/  y0[f,6]/  ylow[f,7]/  yup[f,8]/  Np[f,9]/  Np_err[f,10]/  Nn[f,11]/  Nn_err[f,12]/  Asy[f,13]/  Asy_err[f,14]/
28  1  1  -172.80  -180.00  -165.60  2.50  0.00  5.00  19.750000  4.616550  10.750000  3.682730  0.295082  0.189308 
29  2  1  -158.40  -165.60  -151.20  2.50  0.00  5.00  13.250000  3.766630  8.500000  3.221020  0.218391  0.225563 
30  3  1  -144.00  -151.20  -136.80  2.50  0.00  5.00  21.750000  4.697070  19.750000  4.616550  0.048193  0.158750 
31  4  1  -129.60  -136.80  -122.40  2.50  0.00  5.00  22.250000  4.943430  21.750000  4.828300  0.011364  0.157017 
32  5  1  -115.20  -122.40  -108.00  2.50  0.00  5.00  25.500000  5.232110  16.750000  4.279310  0.207101  0.156810 
33  6  1  -100.80  -108.00  -93.60  2.50  0.00  5.00  16.250000  4.293890  28.250000  5.629170  -0.269663  0.153442 
34  7  1  -86.40  -93.60  -79.20  2.50  0.00  5.00  21.000000  4.716990  34.750000  6.128830  -0.246637  0.134107 
35  8  1  -72.00  -79.20  -64.80  2.50  0.00  5.00  28.500000  5.623610  30.750000  5.684410  -0.037975  0.134997 
36  9  1  -57.60  -64.80  -50.40  2.50  0.00  5.00  24.500000  5.488620  28.750000  5.618050  -0.079812  0.147691 
37  10  1  -43.20  -50.40  -36.00  2.50  0.00  5.00  34.750000  6.128830  40.500000  6.698880  -0.076412  0.120192 
38  11  1  -28.80  -36.00  -21.60  2.50  0.00  5.00  34.000000  6.245000  29.000000  5.722760  0.079365  0.133946 
39  12  1  -14.40  -21.60  -7.20  2.50  0.00  5.00  39.000000  6.538350  35.500000  6.314670  0.046980  0.121946 
40  13  1  0.00  -7.20  7.20  2.50  0.00  5.00  43.500000  6.828250  29.000000  5.830950  0.200000  0.122440 
41  14  1  14.40  7.20  21.60  2.50  0.00  5.00  35.750000  6.309710  44.250000  6.995530  -0.106250  0.117136 
42  15  1  28.80  21.60  36.00  2.50  0.00  5.00  36.000000  6.304760  35.250000  6.219930  0.010526  0.124291 
43  16  1  43.20  36.00  50.40  2.50  0.00  5.00  30.750000  5.900210  27.500000  5.645790  0.055794  0.140067 
44  17  1  57.60  50.40  64.80  2.50  0.00  5.00  35.250000  6.219930  29.750000  5.706360  0.084615  0.129381 
45  18  1  72.00  64.80  79.20  2.50  0.00  5.00  20.750000  4.854120  21.250000  4.968650  -0.011905  0.165352 
46  19  1  86.40  79.20  93.60  2.50  0.00  5.00  20.750000  4.723610  27.250000  5.425630  -0.135417  0.148443 
47  20  1  100.80  93.60  108.00  2.50  0.00  5.00  23.250000  5.043560  22.500000  4.808850  0.016393  0.152222 
48  21  1  115.20  108.00  122.40  2.50  0.00  5.00  22.500000  4.937100  13.500000  4.077380  0.250000  0.174995 
49  22  1  129.60  122.40  136.80  2.50  0.00  5.00  21.000000  4.716990  31.500000  5.884300  -0.200000  0.140230 
50  23  1  144.00  136.80  151.20  2.50  0.00  5.00  11.250000  3.491060  16.750000  4.279310  -0.196429  0.193222 
51  24  1  158.40  151.20  165.60  2.50  0.00  5.00  14.500000  3.889090  19.250000  4.493050  -0.140741  0.174254 
52  25  1  172.80  165.60  180.00  2.50  0.00  5.00  20.250000  4.602990  16.000000  4.000000  0.117241  0.166622 
55  1  2  -172.80  -180.00  -165.60  7.50  5.00  10.00  18.500000  4.373210  20.250000  4.602990  -0.045161  0.163639 
56  2  2  -158.40  -165.60  -151.20  7.50  5.00  10.00  19.250000  4.630060  18.250000  4.520790  0.026667  0.172514 
57  3  2  -144.00  -151.20  -136.80  7.50  5.00  10.00  31.000000  5.678910  28.000000  5.408330  0.050847  0.132761 
58  4  2  -129.60  -136.80  -122.40  7.50  5.00  10.00  32.750000  5.963430  38.250000  6.359050  -0.077465  0.122544 
59  5  2  -115.20  -122.40  -108.00  7.50  5.00  10.00  47.000000  7.035620  33.750000  6.046690  0.164087  0.113591 
60  6  2  -100.80  -108.00  -93.60  7.50  5.00  10.00  58.750000  8.081610  68.250000  8.540350  -0.074803  0.092459 
61  7  2  -86.40  -93.60  -79.20  7.50  5.00  10.00  63.000000  8.470540  82.000000  9.460440  -0.131034  0.087062 
62  8  2  -72.00  -79.20  -64.80  7.50  5.00  10.00  96.750000  10.286500  76.000000  9.273620  0.120116  0.079754 
63  9  2  -57.60  -64.80  -50.40  7.50  5.00  10.00  91.250000  10.292600  102.750000  10.750000  -0.059278  0.076653 
64  10  2  -43.20  -50.40  -36.00  7.50  5.00  10.00  131.500000  12.180900  117.750000  11.643100  0.055165  0.067539 
65  11  2  -28.80  -36.00  -21.60  7.50  5.00  10.00  123.000000  12.062300  131.250000  12.285700  -0.032448  0.067714 
66  12  2  -14.40  -21.60  -7.20  7.50  5.00  10.00  121.500000  12.180900  141.250000  12.784300  -0.075167  0.067151 
67  13  2  0.00  -7.20  7.20  7.50  5.00  10.00  148.000000  12.961500  133.250000  12.666400  0.052444  0.064448 
68  14  2  14.40  7.20  21.60  7.50  5.00  10.00  134.250000  12.607000  113.000000  11.640400  0.085945  0.069181 
69  15  2  28.80  21.60  36.00  7.50  5.00  10.00  116.500000  11.816300  136.250000  12.636800  -0.078140  0.068300 
70  16  2  43.20  36.00  50.40  7.50  5.00  10.00  113.500000  11.252800  103.250000  10.802200  0.047290  0.071907 
71  17  2  57.60  50.40  64.80  7.50  5.00  10.00  80.500000  9.740380  91.250000  10.292600  -0.062591  0.082386 
72  18  2  72.00  64.80  79.20  7.50  5.00  10.00  83.250000  9.705020  73.750000  9.303900  0.060510  0.085571 
73  19  2  86.40  79.20  93.60  7.50  5.00  10.00  58.750000  8.003910  49.750000  7.420410  0.082949  0.100309 
74  20  2  100.80  93.60  108.00  7.50  5.00  10.00  59.750000  7.988270  50.500000  7.322910  0.083900  0.097923 
75  21  2  115.20  108.00  122.40  7.50  5.00  10.00  46.500000  7.044500  37.750000  6.368870  0.103858  0.112151 
76  22  2  129.60  122.40  136.80  7.50  5.00  10.00  32.000000  5.766280  25.500000  5.111260  0.113043  0.133044 
77  23  2  144.00  136.80  151.20  7.50  5.00  10.00  26.250000  5.214160  29.500000  5.488620  -0.058296  0.135619 
78  24  2  158.40  151.20  165.60  7.50  5.00  10.00  16.250000  4.145780  14.500000  4.046600  0.056911  0.188446 
79  25  2  172.80  165.60  180.00  7.50  5.00  10.00  10.750000  3.508920  15.750000  4.160830  -0.188679  0.202487 
82  1  3  -172.80  -180.00  -165.60  12.50  10.00  15.00  7.500000  2.850440  7.500000  2.850440  0.000000  0.268742 
83  2  3  -158.40  -165.60  -151.20  12.50  10.00  15.00  9.500000  3.181980  5.000000  2.236070  0.310345  0.252462 
84  3  3  -144.00  -151.20  -136.80  12.50  10.00  15.00  6.250000  2.680950  4.250000  2.277610  0.190476  0.330767 
85  4  3  -129.60  -136.80  -122.40  12.50  10.00  15.00  18.250000  4.380350  13.500000  3.758320  0.149606  0.179675 
86  5  3  -115.20  -122.40  -108.00  12.50  10.00  15.00  38.250000  6.359050  28.750000  5.618050  0.141791  0.125702 
87  6  3  -100.80  -108.00  -93.60  12.50  10.00  15.00  56.000000  7.729810  54.250000  7.595230  0.015873  0.098278 
88  7  3  -86.40  -93.60  -79.20  12.50  10.00  15.00  95.000000  10.185800  90.000000  9.874210  0.027027  0.076646 
89  8  3  -72.00  -79.20  -64.80  12.50  10.00  15.00  113.500000  11.363300  116.750000  11.600100  -0.014115  0.070512 
90  9  3  -57.60  -64.80  -50.40  12.50  10.00  15.00  159.250000  13.699900  166.750000  13.948600  -0.023006  0.059964 
91  10  3  -43.20  -50.40  -36.00  12.50  10.00  15.00  164.250000  14.497800  197.500000  15.471700  -0.091914  0.058510 
92  11  3  -28.80  -36.00  -21.60  12.50  10.00  15.00  206.500000  16.035100  204.000000  16.015600  0.006090  0.055210 
93  12  3  -14.40  -21.60  -7.20  12.50  10.00  15.00  197.250000  15.990200  197.250000  16.029300  0.000000  0.057392 
94  13  3  0.00  -7.20  7.20  12.50  10.00  15.00  206.500000  16.267300  188.250000  15.666400  0.046232  0.057174 
95  14  3  14.40  7.20  21.60  12.50  10.00  15.00  234.500000  17.033100  216.000000  16.309500  0.041065  0.052298 
96  15  3  28.80  21.60  36.00  12.50  10.00  15.00  168.750000  15.134800  200.250000  15.927600  -0.085366  0.059501 
97  16  3  43.20  36.00  50.40  12.50  10.00  15.00  185.750000  15.076900  195.000000  15.206900  -0.024294  0.056247 
98  17  3  57.60  50.40  64.80  12.50  10.00  15.00  136.250000  12.686100  138.250000  12.567300  -0.007286  0.065059 
99  18  3  72.00  64.80  79.20  12.50  10.00  15.00  114.500000  11.461900  111.250000  11.333000  0.014396  0.071396 
100  19  3  86.40  79.20  93.60  12.50  10.00  15.00  78.750000  9.236480  86.250000  9.730750  -0.045455  0.081203 
101  20  3  100.80  93.60  108.00  12.50  10.00  15.00  51.750000  7.386640  43.000000  6.745370  0.092348  0.105140 
102  21  3  115.20  108.00  122.40  12.50  10.00  15.00  32.000000  5.766280  29.750000  5.595760  0.036437  0.130067 
103  22  3  129.60  122.40  136.80  12.50  10.00  15.00  16.750000  4.130680  17.250000  4.264680  -0.014706  0.174560 
104  23  3  144.00  136.80  151.20  12.50  10.00  15.00  5.750000  2.462210  8.500000  3.020760  -0.192982  0.267874 
105  24  3  158.40  151.20  165.60  12.50  10.00  15.00  6.500000  2.669270  1.500000  1.457740  0.625000  0.321454 
106  25  3  172.80  165.60  180.00  12.50  10.00  15.00  4.000000  2.000000  5.000000  2.236070  -0.111111  0.331269 
109  1  4  -172.80  -180.00  -165.60  17.50  15.00  20.00  -0.250000  0.250000  0.000000  0.000000  1.000000  0.000000 
110  2  4  -158.40  -165.60  -151.20  17.50  15.00  20.00  0.000000  0.000000  -0.250000  0.250000  -1.000000  0.000000 
111  3  4  -144.00  -151.20  -136.80  17.50  15.00  20.00  -0.750000  0.433013  1.000000  1.000000  -7.000000  27.712818 
112  4  4  -129.60  -136.80  -122.40  17.50  15.00  20.00  0.000000  1.118030  0.750000  1.030780  -1.000000  2.981413 
113  5  4  -115.20  -122.40  -108.00  17.50  15.00  20.00  13.000000  3.774920  8.250000  3.031090  0.223529  0.222451 
114  6  4  -100.80  -108.00  -93.60  17.50  15.00  20.00  25.750000  5.226140  38.000000  6.363960  -0.192157  0.126708 
115  7  4  -86.40  -93.60  -79.20  17.50  15.00  20.00  89.500000  9.880540  73.500000  8.895220  0.098160  0.081117 
116  8  4  -72.00  -79.20  -64.80  17.50  15.00  20.00  115.500000  11.879600  122.250000  11.913800  -0.028391  0.070788 
117  9  4  -57.60  -64.80  -50.40  17.50  15.00  20.00  184.500000  15.374500  203.750000  15.781700  -0.049581  0.056745 
118  10  4  -43.20  -50.40  -36.00  17.50  15.00  20.00  222.500000  17.011000  224.250000  17.144600  -0.003917  0.054060 
119  11  4  -28.80  -36.00  -21.60  17.50  15.00  20.00  198.500000  16.632000  214.250000  17.034900  -0.038159  0.057670 
120  12  4  -14.40  -21.60  -7.20  17.50  15.00  20.00  166.500000  15.029100  162.500000  15.145100  0.012158  0.064864 
121  13  4  0.00  -7.20  7.20  17.50  15.00  20.00  177.000000  15.394800  162.750000  14.851300  0.041943  0.062921 
122  14  4  14.40  7.20  21.60  17.50  15.00  20.00  160.500000  15.161600  169.750000  15.250000  -0.028009  0.065130 
123  15  4  28.80  21.60  36.00  17.50  15.00  20.00  216.500000  16.907800  234.750000  17.394300  -0.040443  0.053739 
124  16  4  43.20  36.00  50.40  17.50  15.00  20.00  219.000000  16.665800  214.000000  16.703300  0.011547  0.054498 
125  17  4  57.60  50.40  64.80  17.50  15.00  20.00  175.000000  14.491400  160.500000  14.137700  0.043219  0.060336 
126  18  4  72.00  64.80  79.20  17.50  15.00  20.00  91.750000  10.347100  92.500000  10.458300  -0.004071  0.079844 
127  19  4  86.40  79.20  93.60  17.50  15.00  20.00  55.750000  7.733850  67.750000  8.474230  -0.097166  0.092512 
128  20  4  100.80  93.60  108.00  17.50  15.00  20.00  20.750000  4.723610  18.250000  4.520790  0.064103  0.167523 
129  21  4  115.20  108.00  122.40  17.50  15.00  20.00  13.750000  3.750000  5.750000  2.462210  0.410256  0.211118 
130  22  4  129.60  122.40  136.80  17.50  15.00  20.00  2.000000  1.414210  4.500000  2.263850  -0.384615  0.369716 
131  23  4  144.00  136.80  151.20  17.50  15.00  20.00  0.500000  1.060660  0.500000  1.060660  0.000000  1.500000 
132  24  4  158.40  151.20  165.60  17.50  15.00  20.00  0.500000  1.060660  0.000000  0.000000  1.000000  0.000000 
133  25  4  172.80  165.60  180.00  17.50  15.00  20.00  0.000000  0.000000  1.000000  1.000000  -1.000000  0.000000 
136  1  5  -172.80  -180.00  -165.60  22.50  20.00  25.00  0.000000  0.000000  -0.250000  0.250000  -1.000000  0.000000 
137  2  5  -158.40  -165.60  -151.20  22.50  20.00  25.00  0.000000  0.000000  0.000000  0.000000  nan  nan 
138  3  5  -144.00  -151.20  -136.80  22.50  20.00  25.00  0.000000  0.000000  -0.250000  0.250000  -1.000000  0.000000 
139  4  5  -129.60  -136.80  -122.40  22.50  20.00  25.00  1.000000  1.000000  -0.250000  0.250000  1.666667  1.257079 
140  5  5  -115.20  -122.40  -108.00  22.50  20.00  25.00  -0.250000  0.250000  0.750000  1.030780  -2.000000  2.549516 
141  6  5  -100.80  -108.00  -93.60  22.50  20.00  25.00  9.250000  3.191790  9.500000  3.181980  -0.013333  0.240401 
142  7  5  -86.40  -93.60  -79.20  22.50  20.00  25.00  38.000000  6.461420  47.500000  7.202430  -0.111111  0.112506 
143  8  5  -72.00  -79.20  -64.80  22.50  20.00  25.00  81.750000  9.978100  84.750000  10.371200  -0.018018  0.086391 
144  9  5  -57.60  -64.80  -50.40  22.50  20.00  25.00  144.000000  13.838400  186.500000  15.194600  -0.128593  0.061952 
145  10  5  -43.20  -50.40  -36.00  22.50  20.00  25.00  188.750000  15.860700  164.500000  15.004200  0.068648  0.061717 
146  11  5  -28.80  -36.00  -21.60  22.50  20.00  25.00  156.750000  14.476300  136.500000  13.541600  0.069054  0.067446 
147  12  5  -14.40  -21.60  -7.20  22.50  20.00  25.00  88.500000  11.028400  82.750000  10.865700  0.033577  0.090411 
148  13  5  0.00  -7.20  7.20  22.50  20.00  25.00  87.250000  10.871400  49.000000  8.888190  0.280734  0.101360 
149  14  5  14.40  7.20  21.60  22.50  20.00  25.00  91.000000  11.113100  71.750000  10.407300  0.118280  0.093480 
150  15  5  28.80  21.60  36.00  22.50  20.00  25.00  132.750000  13.759100  140.250000  14.006700  -0.027473  0.071912 
151  16  5  43.20  36.00  50.40  22.50  20.00  25.00  135.250000  13.872200  159.500000  14.752100  -0.082273  0.068588 
152  17  5  57.60  50.40  64.80  22.50  20.00  25.00  130.250000  13.036000  100.500000  11.826900  0.128927  0.075959 
153  18  5  72.00  64.80  79.20  22.50  20.00  25.00  58.750000  8.385250  54.250000  8.227240  0.039823  0.103962 
154  19  5  86.40  79.20  93.60  22.50  20.00  25.00  16.750000  4.697070  21.000000  4.974940  -0.112583  0.181221 
155  20  5  100.80  93.60  108.00  22.50  20.00  25.00  5.250000  2.487470  3.000000  2.061550  0.272727  0.386304 
156  21  5  115.20  108.00  122.40  22.50  20.00  25.00  2.750000  1.750000  1.000000  1.000000  0.466667  0.463588 
157  22  5  129.60  122.40  136.80  22.50  20.00  25.00  -0.250000  0.250000  -0.250000  0.250000  -0.000000  0.707107 
158  23  5  144.00  136.80  151.20  22.50  20.00  25.00  2.000000  1.414210  -0.250000  0.250000  1.285714  0.399916 
159  24  5  158.40  151.20  165.60  22.50  20.00  25.00  0.500000  1.060660  -0.250000  0.250000  3.000000  9.380830 
160  25  5  172.80  165.60  180.00  22.50  20.00  25.00  0.000000  0.000000  0.000000  0.000000  nan  nan 
163  1  6  -172.80  -180.00  -165.60  27.50  25.00  30.00  0.000000  0.000000  1.000000  1.000000  -1.000000  0.000000 
164  2  6  -158.40  -165.60  -151.20  27.50  25.00  30.00  0.000000  0.000000  0.000000  0.000000  nan  nan 
165  3  6  -144.00  -151.20  -136.80  27.50  25.00  30.00  1.000000  1.000000  0.000000  0.000000  1.000000  0.000000 
166  4  6  -129.60  -136.80  -122.40  27.50  25.00  30.00  0.000000  0.000000  0.000000  0.000000  nan  nan 
167  5  6  -115.20  -122.40  -108.00  27.50  25.00  30.00  -0.250000  0.250000  0.000000  0.000000  1.000000  0.000000 
168  6  6  -100.80  -108.00  -93.60  27.50  25.00  30.00  0.500000  1.060660  -0.250000  0.250000  3.000000  9.380830 
169  7  6  -86.40  -93.60  -79.20  27.50  25.00  30.00  11.000000  3.500000  16.000000  4.301160  -0.185185  0.201127 
170  8  6  -72.00  -79.20  -64.80  27.50  25.00  30.00  49.000000  7.681150  40.000000  7.245690  0.101124  0.118552 
171  9  6  -57.60  -64.80  -50.40  27.50  25.00  30.00  107.750000  12.270400  81.000000  10.943000  0.141722  0.086571 
172  10  6  -43.20  -50.40  -36.00  27.50  25.00  30.00  106.250000  12.183500  101.750000  12.023400  0.021635  0.082290 
173  11  6  -28.80  -36.00  -21.60  27.50  25.00  30.00  45.000000  8.514690  62.000000  9.192390  -0.158879  0.117158 
174  12  6  -14.40  -21.60  -7.20  27.50  25.00  30.00  16.500000  5.086750  22.250000  5.760860  -0.148387  0.196863 
175  13  6  0.00  -7.20  7.20  27.50  25.00  30.00  15.250000  4.866980  8.500000  4.513870  0.284211  0.284760 
176  14  6  14.40  7.20  21.60  27.50  25.00  30.00  19.750000  5.482930  22.500000  5.645790  -0.065089  0.186313 
177  15  6  28.80  21.60  36.00  27.50  25.00  30.00  36.000000  7.810250  47.500000  8.177710  -0.137725  0.135854 
178  16  6  43.20  36.00  50.40  27.50  25.00  30.00  88.500000  10.914400  77.000000  10.523800  0.069486  0.091600 
179  17  6  57.60  50.40  64.80  27.50  25.00  30.00  77.500000  10.338000  59.250000  9.562300  0.133455  0.102826 
180  18  6  72.00  64.80  79.20  27.50  25.00  30.00  21.000000  5.099020  28.750000  6.149190  -0.155779  0.157864 
181  19  6  86.40  79.20  93.60  27.50  25.00  30.00  2.250000  1.785360  5.500000  2.474870  -0.419355  0.375891 
182  20  6  100.80  93.60  108.00  27.50  25.00  30.00  0.000000  0.000000  1.000000  1.000000  -1.000000  0.000000 
183  21  6  115.20  108.00  122.40  27.50  25.00  30.00  -0.500000  0.353553  1.000000  1.000000  -3.000000  4.898978 
184  22  6  129.60  122.40  136.80  27.50  25.00  30.00  1.000000  1.000000  0.000000  0.000000  1.000000  0.000000 
185  23  6  144.00  136.80  151.20  27.50  25.00  30.00  1.000000  1.000000  0.500000  1.060660  0.333333  1.042314 
186  24  6  158.40  151.20  165.60  27.50  25.00  30.00  0.000000  0.000000  0.000000  0.000000  nan  nan 
187  25  6  172.80  165.60  180.00  27.50  25.00  30.00  1.000000  1.000000  -0.250000  0.250000  1.666667  1.257079 
190  1  7  -172.80  -180.00  -165.60  32.50  30.00  35.00  0.000000  0.000000  0.000000  0.000000  nan  nan 
191  2  7  -158.40  -165.60  -151.20  32.50  30.00  35.00  0.000000  0.000000  1.000000  1.000000  -1.000000  0.000000 
192  3  7  -144.00  -151.20  -136.80  32.50  30.00  35.00  1.000000  1.000000  0.000000  0.000000  1.000000  0.000000 
193  4  7  -129.60  -136.80  -122.40  32.50  30.00  35.00  0.000000  0.000000  0.000000  0.000000  nan  nan 
194  5  7  -115.20  -122.40  -108.00  32.50  30.00  35.00  0.000000  0.000000  1.000000  1.000000  -1.000000  0.000000 
195  6  7  -100.80  -108.00  -93.60  32.50  30.00  35.00  0.750000  1.030780  -0.250000  0.250000  2.000000  2.549516 
196  7  7  -86.40  -93.60  -79.20  32.50  30.00  35.00  1.000000  1.000000  1.250000  1.479020  -0.111111  0.765034 
197  8  7  -72.00  -79.20  -64.80  32.50  30.00  35.00  12.250000  4.264680  13.750000  4.069710  -0.057692  0.227714 
198  9  7  -57.60  -64.80  -50.40  32.50  30.00  35.00  49.750000  8.518360  57.000000  8.916280  -0.067916  0.115425 
199  10  7  -43.20  -50.40  -36.00  32.50  30.00  35.00  29.250000  7.084310  34.750000  7.420410  -0.085938  0.160253 
200  11  7  -28.80  -36.00  -21.60  32.50  30.00  35.00  7.750000  3.783190  8.000000  3.427830  -0.015873  0.324683 
201  12  7  -14.40  -21.60  -7.20  32.50  30.00  35.00  0.750000  1.030780  3.750000  2.304890  -0.666667  0.418208 
202  13  7  0.00  -7.20  7.20  32.50  30.00  35.00  -0.500000  0.353553  0.000000  0.000000  1.000000  0.000000 
203  14  7  14.40  7.20  21.60  32.50  30.00  35.00  4.000000  2.000000  0.250000  1.089720  0.882353  0.485809 
204  15  7  28.80  21.60  36.00  32.50  30.00  35.00  11.500000  4.138240  13.000000  4.387480  -0.061224  0.245751 
205  16  7  43.20  36.00  50.40  32.50  30.00  35.00  34.250000  7.084310  22.750000  6.269970  0.201754  0.165280 
206  17  7  57.60  50.40  64.80  32.50  30.00  35.00  21.000000  5.678910  26.250000  6.299800  -0.111111  0.178548 
207  18  7  72.00  64.80  79.20  32.50  30.00  35.00  5.250000  2.487470  5.500000  2.715700  -0.023256  0.341974 
208  19  7  86.40  79.20  93.60  32.50  30.00  35.00  -0.250000  0.250000  1.750000  1.436140  -1.333333  0.503077 
209  20  7  100.80  93.60  108.00  32.50  30.00  35.00  -0.250000  0.250000  -0.250000  0.250000  -0.000000  0.707107 
210  21  7  115.20  108.00  122.40  32.50  30.00  35.00  0.000000  0.000000  0.000000  0.000000  nan  nan 
211  22  7  129.60  122.40  136.80  32.50  30.00  35.00  1.000000  1.000000  0.000000  0.000000  1.000000  0.000000 
212  23  7  144.00  136.80  151.20  32.50  30.00  35.00  -0.250000  0.250000  0.000000  0.000000  1.000000  0.000000 
213  24  7  158.40  151.20  165.60  32.50  30.00  35.00  -0.250000  0.250000  0.000000  0.000000  1.000000  0.000000 
214  25  7  172.80  165.60  180.00  32.50  30.00  35.00  0.000000  0.000000  -0.250000  0.250000  -1.000000  0.000000 
217  1  8  -172.80  -180.00  -165.60  37.50  35.00  40.00  0.000000  0.000000  0.000000  0.000000  nan  nan 
218  2  8  -158.40  -165.60  -151.20  37.50  35.00  40.00  0.000000  0.000000  0.000000  0.000000  nan  nan 
219  3  8  -144.00  -151.20  -136.80  37.50  35.00  40.00  0.000000  0.000000  0.000000  0.000000  nan  nan 
220  4  8  -129.60  -136.80  -122.40  37.50  35.00  40.00  0.000000  0.000000  1.000000  1.000000  -1.000000  0.000000 
221  5  8  -115.20  -122.40  -108.00  37.50  35.00  40.00  0.000000  0.000000  0.000000  0.000000  nan  nan 
222  6  8  -100.80  -108.00  -93.60  37.50  35.00  40.00  0.000000  0.000000  0.000000  0.000000  nan  nan 
223  7  8  -86.40  -93.60  -79.20  37.50  35.00  40.00  0.250000  1.089720  0.000000  0.000000  1.000000  0.000000 
224  8  8  -72.00  -79.20  -64.80  37.50  35.00  40.00  -0.500000  0.353553  1.000000  1.000000  -3.000000  4.898978 
225  9  8  -57.60  -64.80  -50.40  37.50  35.00  40.00  10.750000  4.451120  9.250000  3.733300  0.075000  0.287483 
226  10  8  -43.20  -50.40  -36.00  37.50  35.00  40.00  7.000000  3.082210  4.000000  2.291290  0.272727  0.334379 
227  11  8  -28.80  -36.00  -21.60  37.50  35.00  40.00  0.000000  0.000000  1.750000  1.436140  -1.000000  0.000000 
228  12  8  -14.40  -21.60  -7.20  37.50  35.00  40.00  0.000000  0.000000  1.000000  1.000000  -1.000000  0.000000 
229  13  8  0.00  -7.20  7.20  37.50  35.00  40.00  -0.250000  0.250000  0.000000  0.000000  1.000000  0.000000 
230  14  8  14.40  7.20  21.60  37.50  35.00  40.00  0.000000  0.000000  0.000000  0.000000  nan  nan 
231  15  8  28.80  21.60  36.00  37.50  35.00  40.00  -0.250000  0.250000  0.750000  1.030780  -2.000000  2.549516 
232  16  8  43.20  36.00  50.40  37.50  35.00  40.00  2.500000  2.371710  7.000000  3.082210  -0.473684  0.405607 
233  17  8  57.60  50.40  64.80  37.50  35.00  40.00  4.250000  2.772630  6.250000  3.112470  -0.190476  0.395478 
234  18  8  72.00  64.80  79.20  37.50  35.00  40.00  0.250000  1.089720  -0.250000  0.250000  inf  inf 
235  19  8  86.40  79.20  93.60  37.50  35.00  40.00  2.000000  1.414210  -0.750000  0.433013  2.200000  1.752710 
236  20  8  100.80  93.60  108.00  37.50  35.00  40.00  1.000000  1.000000  0.000000  0.000000  1.000000  0.000000 
237  21  8  115.20  108.00  122.40  37.50  35.00  40.00  0.000000  0.000000  -0.250000  0.250000  -1.000000  0.000000 
238  22  8  129.60  122.40  136.80  37.50  35.00  40.00  -0.250000  0.250000  0.000000  0.000000  1.000000  0.000000 
239  23  8  144.00  136.80  151.20  37.50  35.00  40.00  0.000000  0.000000  1.000000  1.000000  -1.000000  0.000000 
240  24  8  158.40  151.20  165.60  37.50  35.00  40.00  0.000000  0.000000  0.000000  0.000000  nan  nan 
241  25  8  172.80  165.60  180.00  37.50  35.00  40.00  0.000000  0.000000  0.000000  0.000000  nan  nan 
