# 2D Histogram Bin Extraction 
#                   
# histogram parameters:  
# ybins      = 8   | ylabel: th_xq_CM [deg] 
# xbins      = 25   | xlabel: phi_xq [deg] 
# ybin width = 5.000 
# xbin width = 14.400 
#                   
# header definitions:
# ib:         (x,y)  bin number 
# xb:         x-axis bin number 
# yb:         y-axis bin number 
# x0:         x-axis central bin value 
# xlow:       x-axis low-edge bin value 
# xup:        x-axis up-edge bin value 
# y0:         y-axis central bin value 
# ylow:       y-axis low-edge bin value 
# yup:        y-axis up-edge bin value 
# zcont:      bin content (z-axis) 
# zcont_err:  bin content error (z-axis) 
#                                        
#! ib[i,0]/  xb[i,1]/  yb[i,2]/  x0[f,3]/  xlow[f,4]/  xup[f,5]/  y0[f,6]/  ylow[f,7]/  yup[f,8]/  zcont[f,9]/  zcont_err[f,10]/  
     28         1         1        -172.8      -180    -165.6         2.5         0           5           6       2.44949
     29         2         1        -158.4    -165.6    -151.2         2.5         0           5        9.75       3.17214
     30         3         1          -144    -151.2    -136.8         2.5         0           5          12        3.4641
     31         4         1        -129.6    -136.8    -122.4         2.5         0           5          14       3.74166
     32         5         1        -115.2    -122.4      -108         2.5         0           5       18.75       4.36606
     33         6         1        -100.8      -108     -93.6         2.5         0           5       26.75       5.20216
     34         7         1         -86.4     -93.6     -79.2         2.5         0           5        16.5       4.13824
     35         8         1           -72     -79.2     -64.8         2.5         0           5       30.75       5.57337
     36         9         1         -57.6     -64.8     -50.4         2.5         0           5       26.25       5.21416
     37        10         1         -43.2     -50.4       -36         2.5         0           5          41       6.40312
     38        11         1         -28.8       -36     -21.6         2.5         0           5        37.5       6.17454
     39        12         1         -14.4     -21.6      -7.2         2.5         0           5        42.5       6.56696
     40        13         1   1.42109e-14      -7.2       7.2         2.5         0           5        43.5       6.64267
     41        14         1          14.4       7.2      21.6         2.5         0           5       28.75       5.39096
     42        15         1          28.8      21.6        36         2.5         0           5        45.5       6.79154
     43        16         1          43.2        36      50.4         2.5         0           5          30       5.47723
     44        17         1          57.6      50.4      64.8         2.5         0           5       32.75          5.75
     45        18         1            72      64.8      79.2         2.5         0           5       25.75       5.22614
     46        19         1          86.4      79.2      93.6         2.5         0           5          21       4.58258
     47        20         1         100.8      93.6       108         2.5         0           5          17       4.12311
     48        21         1         115.2       108     122.4         2.5         0           5          14       3.74166
     49        22         1         129.6     122.4     136.8         2.5         0           5          16             4
     50        23         1           144     136.8     151.2         2.5         0           5          10       3.16228
     51        24         1         158.4     151.2     165.6         2.5         0           5          13       3.60555
     52        25         1         172.8     165.6       180         2.5         0           5          10       3.16228
     55         1         2        -172.8      -180    -165.6         7.5         5          10           4             2
     56         2         2        -158.4    -165.6    -151.2         7.5         5          10           8       2.82843
     57         3         2          -144    -151.2    -136.8         7.5         5          10        7.75       2.83945
     58         4         2        -129.6    -136.8    -122.4         7.5         5          10          18       4.24264
     59         5         2        -115.2    -122.4      -108         7.5         5          10          15       3.87298
     60         6         2        -100.8      -108     -93.6         7.5         5          10       52.75        7.2844
     61         7         2         -86.4     -93.6     -79.2         7.5         5          10       69.75       8.37033
     62         8         2           -72     -79.2     -64.8         7.5         5          10          78       8.90225
     63         9         2         -57.6     -64.8     -50.4         7.5         5          10      116.25       10.8829
     64        10         2         -43.2     -50.4       -36         7.5         5          10       120.5       11.1187
     65        11         2         -28.8       -36     -21.6         7.5         5          10      137.25       11.8084
     66        12         2         -14.4     -21.6      -7.2         7.5         5          10         129       11.4673
     67        13         2   1.42109e-14      -7.2       7.2         7.5         5          10      145.75       12.1886
     68        14         2          14.4       7.2      21.6         7.5         5          10       143.5       12.1089
     69        15         2          28.8      21.6        36         7.5         5          10         125       11.2361
     70        16         2          43.2        36      50.4         7.5         5          10       90.25       9.61444
     71        17         2          57.6      50.4      64.8         7.5         5          10         106       10.3562
     72        18         2            72      64.8      79.2         7.5         5          10        66.5       8.19298
     73        19         2          86.4      79.2      93.6         7.5         5          10          60       7.74597
     74        20         2         100.8      93.6       108         7.5         5          10       29.75       5.48293
     75        21         2         115.2       108     122.4         7.5         5          10        26.5       5.20817
     76        22         2         129.6     122.4     136.8         7.5         5          10          11       3.31662
     77        23         2           144     136.8     151.2         7.5         5          10           9             3
     78        24         2         158.4     151.2     165.6         7.5         5          10           3       1.73205
     79        25         2         172.8     165.6       180         7.5         5          10           4             2
     82         1         3        -172.8      -180    -165.6        12.5        10          15           1             1
     83         2         3        -158.4    -165.6    -151.2        12.5        10          15           0             0
     84         3         3          -144    -151.2    -136.8        12.5        10          15           0             0
     85         4         3        -129.6    -136.8    -122.4        12.5        10          15           7       2.64575
     86         5         3        -115.2    -122.4      -108        12.5        10          15        15.5       4.01559
     87         6         3        -100.8      -108     -93.6        12.5        10          15       29.75       5.48293
     88         7         3         -86.4     -93.6     -79.2        12.5        10          15          85       9.28709
     89         8         3           -72     -79.2     -64.8        12.5        10          15      136.25       11.7659
     90         9         3         -57.6     -64.8     -50.4        12.5        10          15      138.75       11.9504
     91        10         3         -43.2     -50.4       -36        12.5        10          15       205.5       14.4439
     92        11         3         -28.8       -36     -21.6        12.5        10          15      230.75       15.3236
     93        12         3         -14.4     -21.6      -7.2        12.5        10          15      189.25       13.9261
     94        13         3   1.42109e-14      -7.2       7.2        12.5        10          15         172       13.3978
     95        14         3          14.4       7.2      21.6        12.5        10          15       188.5       13.9329
     96        15         3          28.8      21.6        36        12.5        10          15      191.25       14.0868
     97        16         3          43.2        36      50.4        12.5        10          15      151.25       12.4373
     98        17         3          57.6      50.4      64.8        12.5        10          15       117.5       10.9259
     99        18         3            72      64.8      79.2        12.5        10          15      106.25       10.3531
    100        19         3          86.4      79.2      93.6        12.5        10          15       47.25       7.03118
    101        20         3         100.8      93.6       108        12.5        10          15       27.75       5.29741
    102        21         3         115.2       108     122.4        12.5        10          15        5.75       2.46221
    103        22         3         129.6     122.4     136.8        12.5        10          15           3       1.73205
    104        23         3           144     136.8     151.2        12.5        10          15           0             0
    105        24         3         158.4     151.2     165.6        12.5        10          15           1             1
    106        25         3         172.8     165.6       180        12.5        10          15           0             0
    109         1         4        -172.8      -180    -165.6        17.5        15          20           0             0
    110         2         4        -158.4    -165.6    -151.2        17.5        15          20           0             0
    111         3         4          -144    -151.2    -136.8        17.5        15          20           0             0
    112         4         4        -129.6    -136.8    -122.4        17.5        15          20           0             0
    113         5         4        -115.2    -122.4      -108        17.5        15          20           5       2.23607
    114         6         4        -100.8      -108     -93.6        17.5        15          20       14.75       3.88104
    115         7         4         -86.4     -93.6     -79.2        17.5        15          20       76.75       8.77852
    116         8         4           -72     -79.2     -64.8        17.5        15          20      132.25       11.5407
    117         9         4         -57.6     -64.8     -50.4        17.5        15          20      193.75        14.109
    118        10         4         -43.2     -50.4       -36        17.5        15          20      182.75       13.8044
    119        11         4         -28.8       -36     -21.6        17.5        15          20       199.5       14.4525
    120        12         4         -14.4     -21.6      -7.2        17.5        15          20       173.5       13.6152
    121        13         4   1.42109e-14      -7.2       7.2        17.5        15          20      182.25       13.9441
    122        14         4          14.4       7.2      21.6        17.5        15          20         168       13.2947
    123        15         4          28.8      21.6        36        17.5        15          20       206.5       14.7352
    124        16         4          43.2        36      50.4        17.5        15          20         159       12.9035
    125        17         4          57.6      50.4      64.8        17.5        15          20      128.75       11.4701
    126        18         4            72      64.8      79.2        17.5        15          20       76.75       8.84944
    127        19         4          86.4      79.2      93.6        17.5        15          20          30       5.47723
    128        20         4         100.8      93.6       108        17.5        15          20       14.75       3.88104
    129        21         4         115.2       108     122.4        17.5        15          20           3       1.73205
    130        22         4         129.6     122.4     136.8        17.5        15          20           0             0
    131        23         4           144     136.8     151.2        17.5        15          20           0             0
    132        24         4         158.4     151.2     165.6        17.5        15          20           0             0
    133        25         4         172.8     165.6       180        17.5        15          20           0             0
    136         1         5        -172.8      -180    -165.6        22.5        20          25           0             0
    137         2         5        -158.4    -165.6    -151.2        22.5        20          25           0             0
    138         3         5          -144    -151.2    -136.8        22.5        20          25           0             0
    139         4         5        -129.6    -136.8    -122.4        22.5        20          25           0             0
    140         5         5        -115.2    -122.4      -108        22.5        20          25           0             0
    141         6         5        -100.8      -108     -93.6        22.5        20          25           5       2.23607
    142         7         5         -86.4     -93.6     -79.2        22.5        20          25        31.5       5.66789
    143         8         5           -72     -79.2     -64.8        22.5        20          25       79.75       9.01734
    144         9         5         -57.6     -64.8     -50.4        22.5        20          25         118       11.1467
    145        10         5         -43.2     -50.4       -36        22.5        20          25         147       12.4298
    146        11         5         -28.8       -36     -21.6        22.5        20          25      151.25       12.7353
    147        12         5         -14.4     -21.6      -7.2        22.5        20          25      129.75         11.94
    148        13         5   1.42109e-14      -7.2       7.2        22.5        20          25      119.75       11.4592
    149        14         5          14.4       7.2      21.6        22.5        20          25      127.75       11.9085
    150        15         5          28.8      21.6        36        22.5        20          25         130       11.7792
    151        16         5          43.2        36      50.4        22.5        20          25       110.5        10.834
    152        17         5          57.6      50.4      64.8        22.5        20          25          74       8.74643
    153        18         5            72      64.8      79.2        22.5        20          25       35.75       6.00521
    154        19         5          86.4      79.2      93.6        22.5        20          25          12        3.4641
    155        20         5         100.8      93.6       108        22.5        20          25        4.75          2.25
    156        21         5         115.2       108     122.4        22.5        20          25           0             0
    157        22         5         129.6     122.4     136.8        22.5        20          25           0             0
    158        23         5           144     136.8     151.2        22.5        20          25           0             0
    159        24         5         158.4     151.2     165.6        22.5        20          25           0             0
    160        25         5         172.8     165.6       180        22.5        20          25           0             0
    163         1         6        -172.8      -180    -165.6        27.5        25          30           0             0
    164         2         6        -158.4    -165.6    -151.2        27.5        25          30           0             0
    165         3         6          -144    -151.2    -136.8        27.5        25          30           0             0
    166         4         6        -129.6    -136.8    -122.4        27.5        25          30           0             0
    167         5         6        -115.2    -122.4      -108        27.5        25          30           0             0
    168         6         6        -100.8      -108     -93.6        27.5        25          30           0             0
    169         7         6         -86.4     -93.6     -79.2        27.5        25          30          11       3.31662
    170         8         6           -72     -79.2     -64.8        27.5        25          30        41.5       6.49038
    171         9         6         -57.6     -64.8     -50.4        27.5        25          30          81       9.27362
    172        10         6         -43.2     -50.4       -36        27.5        25          30          92       9.91211
    173        11         6         -28.8       -36     -21.6        27.5        25          30         124       11.7367
    174        12         6         -14.4     -21.6      -7.2        27.5        25          30        69.5       9.02081
    175        13         6   1.42109e-14      -7.2       7.2        27.5        25          30        93.5       10.3259
    176        14         6          14.4       7.2      21.6        27.5        25          30       96.75        10.586
    177        15         6          28.8      21.6        36        27.5        25          30       94.25       10.1335
    178        16         6          43.2        36      50.4        27.5        25          30        80.5       9.54594
    179        17         6          57.6      50.4      64.8        27.5        25          30        34.5       6.13392
    180        18         6            72      64.8      79.2        27.5        25          30       10.75       3.32603
    181        19         6          86.4      79.2      93.6        27.5        25          30           1             1
    182        20         6         100.8      93.6       108        27.5        25          30           1             1
    183        21         6         115.2       108     122.4        27.5        25          30           0             0
    184        22         6         129.6     122.4     136.8        27.5        25          30           0             0
    185        23         6           144     136.8     151.2        27.5        25          30           0             0
    186        24         6         158.4     151.2     165.6        27.5        25          30           0             0
    187        25         6         172.8     165.6       180        27.5        25          30           0             0
    190         1         7        -172.8      -180    -165.6        32.5        30          35           0             0
    191         2         7        -158.4    -165.6    -151.2        32.5        30          35           0             0
    192         3         7          -144    -151.2    -136.8        32.5        30          35           0             0
    193         4         7        -129.6    -136.8    -122.4        32.5        30          35           0             0
    194         5         7        -115.2    -122.4      -108        32.5        30          35           0             0
    195         6         7        -100.8      -108     -93.6        32.5        30          35           0             0
    196         7         7         -86.4     -93.6     -79.2        32.5        30          35           1             1
    197         8         7           -72     -79.2     -64.8        32.5        30          35           4             2
    198         9         7         -57.6     -64.8     -50.4        32.5        30          35       24.25       5.14174
    199        10         7         -43.2     -50.4       -36        32.5        30          35       47.25       7.37818
    200        11         7         -28.8       -36     -21.6        32.5        30          35        58.5       8.38898
    201        12         7         -14.4     -21.6      -7.2        32.5        30          35        42.5       7.37394
    202        13         7   1.42109e-14      -7.2       7.2        32.5        30          35       34.25       6.53357
    203        14         7          14.4       7.2      21.6        32.5        30          35       52.75       7.94119
    204        15         7          28.8      21.6        36        32.5        30          35       71.75       9.05884
    205        16         7          43.2        36      50.4        32.5        30          35          49       7.59934
    206        17         7          57.6      50.4      64.8        32.5        30          35          13       3.77492
    207        18         7            72      64.8      79.2        32.5        30          35           2       1.41421
    208        19         7          86.4      79.2      93.6        32.5        30          35           0             0
    209        20         7         100.8      93.6       108        32.5        30          35           0             0
    210        21         7         115.2       108     122.4        32.5        30          35           1             1
    211        22         7         129.6     122.4     136.8        32.5        30          35           0             0
    212        23         7           144     136.8     151.2        32.5        30          35       -0.25          0.25
    213        24         7         158.4     151.2     165.6        32.5        30          35           0             0
    214        25         7         172.8     165.6       180        32.5        30          35           0             0
    217         1         8        -172.8      -180    -165.6        37.5        35          40           0             0
    218         2         8        -158.4    -165.6    -151.2        37.5        35          40           0             0
    219         3         8          -144    -151.2    -136.8        37.5        35          40           0             0
    220         4         8        -129.6    -136.8    -122.4        37.5        35          40           0             0
    221         5         8        -115.2    -122.4      -108        37.5        35          40           0             0
    222         6         8        -100.8      -108     -93.6        37.5        35          40           0             0
    223         7         8         -86.4     -93.6     -79.2        37.5        35          40           1             1
    224         8         8           -72     -79.2     -64.8        37.5        35          40           0             0
    225         9         8         -57.6     -64.8     -50.4        37.5        35          40         1.5       1.45774
    226        10         8         -43.2     -50.4       -36        37.5        35          40        22.5       5.06211
    227        11         8         -28.8       -36     -21.6        37.5        35          40        24.5       5.48862
    228        12         8         -14.4     -21.6      -7.2        37.5        35          40       14.75       4.19076
    229        13         8   1.42109e-14      -7.2       7.2        37.5        35          40        5.75       3.13249
    230        14         8          14.4       7.2      21.6        37.5        35          40        9.25        3.7333
    231        15         8          28.8      21.6        36        37.5        35          40       19.75       5.00625
    232        16         8          43.2        36      50.4        37.5        35          40       17.25       4.54835
    233        17         8          57.6      50.4      64.8        37.5        35          40        3.25       2.04634
    234        18         8            72      64.8      79.2        37.5        35          40           0             0
    235        19         8          86.4      79.2      93.6        37.5        35          40           0             0
    236        20         8         100.8      93.6       108        37.5        35          40           0             0
    237        21         8         115.2       108     122.4        37.5        35          40           0             0
    238        22         8         129.6     122.4     136.8        37.5        35          40           0             0
    239        23         8           144     136.8     151.2        37.5        35          40           0             0
    240        24         8         158.4     151.2     165.6        37.5        35          40           0             0
    241        25         8         172.8     165.6       180        37.5        35          40           0             0
